7262432
7263250
7264019
7264578
7264785
7265344
7266251
7266694
7267672
7267946
7268238
7268706
7269339
7269809
7270792
7270823
7271686
7272682
7273360
7273675
7274492
7275341
7276333
7276366
7277066
7277593
7278528
7279216
7279763
7279845
7280033
7280487
7280785
7281774
7282417
7283180
7283211
7283593
7283937
7284895
7285401
7286117
7286236
7286510
7287418
7288213
7288551
7289009
7289156
7289378
7289789
7290508
7291128
7291616
7291811
7292690
7293516
7294252
7295111
7295791
7296416
7296635
7297531
7298428
7298515
7299354
7299525
7300170
7300997
7301217
7302217
7302699
7303352
7304072
7304882
7304983
7305713
7306432
7306558
7307464
7307654
7308131
7308672
7308998
7309670
7310139
7310973
7311783
7312577
7313342
7314280
7314575
7315098
7315762
7316095
7316382
7317203
7317426
7317613
7317682
7318307
7319001
7319632
7320560
7320782
7321711
7321778
7322679
7323358
7323452
7323602
7323709
7324319
7325273
7325764
7325913
7326591
7327161
7327387
7328006
7328012
7328373
7329224
7329287
7329569
7330274
7331233
7332222
7332610
7333133
7333414
7333921
7334453
7334511
7334792
7335289
7336136
7336750
7336855
7337598
7338000
7338934
7339065
7339765
7340381
7341212
7341898
7342468
7342641
7342826
7343436
7343687
7344685
7345254
7345318
7345582
7346425
7346994
7347640
7348157
7349128
7349206
7349719
7349875
7350689
7351332
7351908
7352461
7353134
7354129
7354431
7354496
7354962
7355446
7355663
7355735
7355966
7356117
7356564
7357016
7357036
7357425
7358242
7358445
7359359
7359389
7359899
7360862
7361856
7361873
7362527
7362806
7363774
7364362
7365135
7365460
7365881
7366856
7367742
7368715
7368971
7369104
7370002
7370181
7371064
7371609
7372395
7372910
7373263
7374255
7374289
7374981
7375103
7375298
7375795
7376377
7376639
7376950
7377193
7377978
7378112
7378725
7379285
7379941
7380283
7380307
7380405
7381283
7381994
7382887
7383539
7383795
7384060
7384535
7384731
7385619
7386111
7386749
7387069
7387438
7387683
7388679
7389290
7389292
7390276
7391238
7391396
7392169
7392261
7392452
7392515
7392626
7393359
7393461
7394301
7394944
7395517
7395759
7396597
7397457
7397905
7398813
7399617
7400078
7400419
7401198
7401625
7402273
7403273
7403882
7403972
7404596
7405587
7406461
7407001
7407139
7407141
7407699
7408372
7408752
7409619
7409945
7410732
7411252
7412082
7412624
7413147
7413310
7413945
7414499
7414814
7415064
7415865
7416326
7417248
7417586
7417779
7417930
7418592
7418798
7419333
7419843
7420617
7421100
7421202
7421641
7421761
7422621
7423184
7423887
7424528
7424544
7425114
7425572
7426566
7426689
7426810
7427094
7427725
7428525
7428781
7429045
7429058
7429504
7429799
7430639
7431463
7431994
7432946
7433149
7434095
7434947
7435844
7436311
7437156
7437513
7438065
7438370
7438789
7439180
7439602
7440265
7440866
7441798
7442711
7443011
7443692
7444035
7444502
7445302
7445519
7446429
7446949
7447812
7448762
7449033
7449530
7449858
7450047
7450309
7450925
7451514
7452423
7452784
7453541
7454330
7454450
7454553
7455167
7455805
7456376
7457193
7458058
7458298
7458676
7459269
7459933
7460014
7460548
7461544
7461704
7462185
7462249
7462402
7463388
7463425
7463758
7463793
7464311
7464885
7465745
7465970
7466087
7466245
7467021
7467854
7468609
7468850
7469026
7469150
7469330
7469908
7470638
7471468
7471697
7472098
7472143
7472424
7472909
7473266
7473874
7474290
7475085
7475278
7475381
7475516
7476042
7476798
7477173
7477894
7478351
7478437
7479023
7479064
7479842
7480189
7480889
7481597
7482062
7482607
7483445
7483869
7484775
7485185
7486001
7486583
7487335
7487570
7488494
7489079
7490071
7490124
7490674
7490835
7491801
7492245
7492676
7493600
7493656
7494297
7494605
7495605
7496471
7496926
7497593
7497688
7498681
7499370
7499422
7500305
7501006
7501344
7502160
7503100
7503619
7503804
7504315
7504700
7505078
7505599
7505983
7506274
7507107
7507898
7508627
7509032
7509568
7509993
7510068
7510403
7511320
7512097
7512750
7513574
7513811
7514650
7515208
7515660
7516403
7517125
7517714
7517777
7517960
7518002
7518886
7519541
7519778
7520388
7521030
7521812
7522746
7522792
7523339
7523874
7524132
7524150
7524317
7524392
7525119
7525381
7525940
7526508
7527123
7527840
7528807
7529732
7530418
7531411
7532115
7532796
7533423
7533483
7534125
7534782
7535715
7536036
7536145
7536936
7537843
7537918
7538087
7539014
7539798
7540091
7540493
7541364
7541595
7541713
7542280
7542500
7543173
7543656
7544382
7544863
7545026
7545047
7545495
7545962
7546037
7546997
7547966
7548210
7549117
7550079
7550235
7551109
7551513
7552403
7553005
7553942
7554852
7555228
7555397
7556049
7556143
7556776
7557561
7557884
7558199
7558295
7558989
7559557
7559984
7560468
7560477
7560621
7560956
7561118
7561612
7562524
7563397
7564039
7564755
7565703
7565809
7566734
7566755
7567578
7567716
7568244
7568712
7569053
7569570
7570200
7570511
7570808
7571123
7571197
7571585
7572116
7572353
7572479
7572631
7573611
7573877
7574279
7575097
7575520
7576474
7576486
7577026
7577269
7577666
7578357
7578421
7578689
7579349
7579571
7580118
7580287
7580900
7581862
7582047
7582835
7583463
7583817
7583869
7584666
7584839
7585551
7586380
7586641
7587415
7588379
7644407
7589802
7590293
7591030
7591712
7592416
7592524
7593122
7593992
7594118
7595107
7595332
7596276
7597102
7597669
7597713
7598350
7598444
7598972
7599192
7600111
7600387
7601329
7601693
7602045
7602957
7603308
7603330
7603581
7603823
7604006
7604286
7604755
7605189
7605206
7605523
7606300
7607224
7607764
7608607
7608669
7608685
7608778
7608838
7609638
7610041
7610451
7610677
7610907
7611037
7611113
7611849
7612583
7613138
7613184
7613584
7614390
7614517
7614902
7615672
7616026
7616112
7616459
7617088
7618031
7618741
7619497
7620008
7620818
7621068
7621336
7622049
7622603
7623288
7623446
7624350
7624533
7625415
7625980
7626929
7627432
7627557
7628349
7628471
7628637
7629085
7629631
7630546
7630934
7631551
7632062
7632712
7633252
7634022
7634511
7635487
7636156
7636621
7636738
7636828
7637476
7638375
7638792
7639772
7640634
7640998
7641180
7641229
7641626
7641769
7641986
7642911
7643473
7643909
7644177
7589054
7644701
7644927
7645390
7645886
7646050
7646892
7647015
7647208
7647948
7648567
7648741
7649525
7649722
7649905
7650140
7650859
7651625
7652100
7652402
7653006
7653715
7654528
7654788
7655591
7655858
7656355
7656874
7657120
7657521
7658108
7658196
7658300
7658803
7659062
7659744
7660187
7660189
7660811
7661738
7662544
7663321
7663545
7663786
7664030
7664220
7664618
7665471
7665686
7666594
7667092
7667251
7667339
7667473
7668138
7668660
7669142
7670109
7670770
7670999
7671667
7671991
7672869
7673661
7673814
7674345
7674415
7674697
7675635
7676136
7676929
7677647
7677791
7678340
7678837
7679665
7680150
7680722
7680739
7681352
7682221
7682866
7683171
7683510
7684414
7684842
7684843
7685813
7686651
7687389
7687589
7688066
7688407
7688800
7689060
7689543
7690442
7690874
7690962
7691675
7691795
7691911
7692827
7693541
7693656
7694437
7694453
7694992
7695630
7696468
7696506
7697416
7698366
7698415
7698776
7698800
7698820
7699359
7700248
7700974
7701505
7701606
7702050
7702250
7702551
7702868
7703245
7703997
7704287
7704301
7705230
7705283
7705768
7706072
7706565
7707318
7708048
7708639
7708864
7708987
7709400
7709863
7710195
7710196
7710897
7711188
7711715
7712008
7712041
7712278
7712741
7713102
7713646
7714008
7714191
7714211
7714884
7715600
7716013
7716811
7717216
7717480
7717729
7718353
7719263
7720248
7720674
7721321
7721878
7722486
7722780
7723209
7723524
7724290
7724603
7724672
7725441
7725885
7726385
7726396
7727187
7727271
7727991
7728045
7728596
7729164
7729674
7729797
7729919
7730392
7730473
7730487
7730666
7731093
7731812
7731961
7732175
7732883
7732975
7733692
7734557
7735437
7736173
7736598
7737541
7737576
7737622
7738400
7738450
7738564
7738815
7739044
7739260
7739662
7739670
7739991
7740536
7740732
7740805
7741147
7741622
7741925
7742450
7742534
7743062
7743342
7743592
7744481
7744529
7744693
7745549
7745610
7745963
7746747
7746893
7747804
7748153
7748448
7748560
7749077
7749599
7750332
7750406
7750414
7750637
7751489
7752288
7753066
7753485
7753884
7754489
