2412362
2412925
2413280
2413932
2414830
2415493
2416279
2416437
2417168
2418054
2418313
2418503
2419380
2419812
2420068
2420165
2421137
2421388
2421472
2422029
2422849
2423592
2423822
2424339
2425201
2425877
2426359
2426831
2427301
2427950
2428510
2429347
2429773
2430376
2430919
2431503
2432059
2432756
2433154
2433604
2434336
2434701
2434703
2434892
2435642
2435675
2436651
2437018
2437541
2437863
2438290
2438645
2439580
2439659
2440590
2441089
2441423
2442261
2443052
2443274
2443455
2443769
2444458
2444540
2444866
2445288
2446052
2446326
2447216
2447888
2448430
2448706
2449559
2450194
2451020
2451476
2452217
2452259
2453027
2453857
2454557
2454672
2455622
2455771
2455994
2456200
2457102
2457450
2458123
2458167
2458418
2459136
2460043
2460219
2460488
2460907
2461584
2462504
2463367
2463695
2463964
2464667
2465145
2465996
2466777
2466928
2467430
2467731
2467985
2468460
2469218
2469511
2469582
2470544
2471067
2471133
2471497
2472037
2472897
2473017
2473538
2473955
2474556
2475402
2475824
2476648
2477018
2477695
2478061
2478468
2479248
2480070
2480249
2480690
2481251
2482248
2482886
2482986
2483354
2483426
2484131
2484733
2484828
2485027
2485314
2486273
2486921
2487867
2488521
2488724
2488779
2488916
2488976
2489720
2490528
2491381
2491484
2492116
2492546
2493503
2494285
2495111
2496047
2496894
2497590
2498527
2498641
2499272
2499673
2500200
2500629
2500894
2501067
2501856
2502272
2503192
2503514
2503916
2504476
2504940
2505117
2505542
2505566
2505729
2506081
2506725
2507487
2507923
2508556
2509264
2510158
2510165
2510836
2511247
2511537
2512417
2513083
2513331
2513835
2514185
2515030
2515048
2515593
2515721
2516496
2517287
2518251
2518523
2518851
2519740
2520271
2520972
2521044
2522011
2522792
2523149
2523951
2524725
2525220
2525272
2525448
2526127
2527125
2527819
2528452
2528875
2529470
2530232
2530731
2531268
2531522
2531596
2532495
2532705
2533324
2533483
2534364
2535261
2535649
2536210
2536890
2537381
2537489
2538234
2538411
2538605
2539540
2540244
2540875
2541809
2541887
2542780
2543534
2543986
2544161
2544327
2544347
2545199
2545694
2546047
2546244
2546447
2547220
2548012
2548647
2549105
2549907
2550769
2551117
2551739
2552216
2553122
2553508
2554442
2554815
2555501
2556073
2556326
2556843
2557283
2557771
2558662
2558794
2559360
2559819
2560181
2560502
2560950
2560986
2561439
2561578
2561608
2562010
2562045
2562410
2562887
2563605
2563921
2564032
2564752
2565144
2565217
2565574
2565583
2566040
2566212
2566719
2567539
2567618
2568108
2568703
2569471
2569806
2569862
2570727
2571034
2571106
2571313
2571647
2571921
2572058
2572413
2573240
2574135
2574619
2575067
2575572
2575923
2576493
2577390
2578358
2578615
2578758
2579556
2579604
2580020
2580554
2580677
2580787
2581074
2581929
2582430
2582799
2583346
2584205
2584577
2585272
2585618
2585789
2585847
2586252
2586764
2587746
2588583
2589166
2589204
2589450
2589912
2590438
2590448
2591116
2591272
2591523
2591706
2592228
2592566
2593191
2593729
2593738
2594188
2594962
2595911
2596009
2596056
2596475
2597112
2598098
2598378
2598414
2598526
2599279
2599439
2599620
2600133
2600625
2601082
2601357
2601663
2601878
2601889
2602059
2602131
2602729
2602830
2603450
2604149
2604400
2604587
2604612
2605134
2605881
2606039
2606376
2607097
2607381
2607837
2608251
2609187
2609606
2610553
2610605
2611571
2611998
2612412
2612669
2613177
2614153
2614892
2615584
2615649
2615713
2616032
2616355
2617354
2617634
2618336
2618688
2619686
2620113
2620833
2621220
2622020
2622276
2622791
2623156
2623751
2624574
2625034
2625263
2625299
2625342
2625682
2626570
2626838
2627797
2628001
2628647
2628832
2629676
2629789
2630513
2631025
2631520
2632480
2632939
2633368
2634204
2634543
2634985
2635568
2635673
2636090
2636599
2637298
2637859
2638112
2638823
2639735
2639784
2640446
2641131
2641647
2642158
2642814
2642837
2643562
2643993
2644048
2644088
2644164
2644220
2644387
2644541
2644856
2645852
2646727
2647032
2647328
2647385
2648322
2649082
2649567
2649586
2650232
2651163
2651790
2652621
2652811
2653519
2654226
2654719
2655454
2655591
2655774
2656202
2656411
2656413
2657252
2658190
2658925
2659923
2660704
2661004
2661370
2661897
2662836
2663100
2663295
2663999
2664686
2665634
2666050
2666905
2667017
2667919
2668120
2668617
2669482
2670208
2670604
2671498
2671740
2672088
2672422
2673006
2673328
2673359
2674330
2675218
2676005
2676878
2677344
2677702
2678025
2678965
2679945
2680130
2680784
2680904
2681897
2682260
2682896
2683383
2683404
2684163
2684241
2685121
2685146
2685427
2685654
2686367
2686505
2686619
2687162
2688003
2688759
2689192
2690158
2690941
2691146
2692054
2692348
2692656
2693573
2694387
2694870
2694929
2695462
2695635
2696558
2696575
2697419
2698164
2698897
2698931
2699190
2699946
2700273
2700849
2701356
2701799
2701806
2702496
2703157
2703232
2703967
2704320
2705136
2705619
2705804
2706351
2706571
2707443
2708358
2708443
2708513
2708841
2709411
2709618
2709894
2709913
2710261
2711113
2711472
2711683
2712552
2712945
2713326
2713835
2714417
2715417
2715524
2715915
2716192
2716955
2717857
2718461
2719108
2719950
2720029
2720160
2720404
2720454
2721442
2721818
2722615
2723588
2724419
2725068
2726033
2726964
2727150
2727270
2727570
2728058
2728153
2728308
2728639
2729090
2729296
2729639
2730611
2730918
2731819
2732005
2732446
2733276
2733871
2734023
2734207
2734673
2735354
2736083
2736212
2736358
2737133
2737431
2738296
2739279
2739693
2740590
2741153
2741886
2742431
2743082
2743896
2744883
2744974
2745763
2746431
2747179
2747453
2747650
2748286
2749023
2749182
2750119
2750268
2751071
2752007
2752975
2753353
2754032
2754498
2754997
2755247
2755705
2756697
2756851
2757564
2758362
2758653
2759001
2759038
2759347
2760127
2760367
2761130
2761381
2761753
2762208
2762947
2763754
2764238
2764675
2764868
2765353
2765447
2765839
2766826
2767664
2767813
2767875
2767923
2768370
2768890
2769774
2770042
2770088
2770489
2770846
2771841
2772778
2772855
2773726
2774183
2775109
2775269
2775596
2776553
2777473
2777648
2778547
2778979
2779461
2779690
2780261
2780456
2780486
2780793
2781559
2781924
2782525
2782693
2783568
2784217
2784447
2784748
2785339
2786129
2787026
2787998
2788715
2789565
2789581
2790042
2790845
2791576
2792190
2793170
2793438
2793763
2794530
2794965
2795033
2795697
2795948
2796578
2797145
2797364
2798313
2799002
2799240
2799980
2800616
2801609
2802003
2802773
2802975
2803197
2803425
2804050
2804620
2805158
2805219
2806167
2806626
2806675
2807091
2807112
2807539
2808380
2808962
2809013
2809053
2809495
2810093
2810259
2810360
2810572
2810971
2811571
2812305
2812678
2813519
2813727
2814462
2815440
2815655
2815679
2815746
2815779
2816308
2816700
2817452
2818095
2818850
2819080
2819454
2819574
2819779
2819981
2820195
2820741
2821533
2821641
2821749
2821937
2822637
2822831
2823226
2823454
2824124
2825115
2825938
2826567
2827459
2827657
2828354
2829208
2829422
2829904
2830739
2831132
2832087
2832481
2832794
2832984
2833283
2833681
2834368
2834737
2835530
2836511
2836519
2836717
2837103
2837292
2837873
2838606
2838707
2839254
2839532
2839553
2840182
2841021
2841385
2841924
2842493
2842617
2843368
2843925
2844458
2844979
2845885
2846608
2846975
2847797
2848388
2848787
2849583
2850501
2851391
2851694
2852202
2852229
2852665
2853354
2854338
2854964
2855207
2855911
2856529
2857493
2858246
2858914
2859119
2859933
2860697
2860814
2860844
2861618
2862239
2862414
2863061
2863191
2864027
2864299
2864375
2864660
2865491
2866055
2866653
2866835
2867773
2867956
2868613
2869588
2870102
2870705
2871108
2871783
2872339
2873283
2874165
2874213
2875153
2875723
2876491
2876730
2877249
2877803
2877861
2878336
2878706
2878728
2879025
2879741
2880398
2880776
2880968
2881133
2881747
2882447
2883243
2883922
2884028
2884465
2884491
2885062
2885073
2885304
2885605
2885767
2886481
2886836
2887055
2887733
2888027
2888626
2888817
2889083
2889587
2890424
2891190
2891468
2891975
2892098
2892911
2893828
2894714
2895656
2895974
2896111
2896522
2896761
2896823
2897680
2897828
2898031
2898973
2899477
2900021
2900219
2900448
2900737
2900990
2901887
2902649
2902664
2903468
2904088
2904510
2904568
2904755
2905681
2906343
2907120
2908054
2908573
2908746
2909730
2910354
2910464
2911149
2911218
2912131
2912295
2913046
2913522
2913816
2914178
2914708
2914800
2915457
2916145
2916867
2917173
2917782
2918260
2918285
2918895
2919257
2920055
2920168
2920435
2920956
2921217
2922167
2922652
2923229
2923515
2924438
2925068
2925098
2926057
2926937
2927371
2927885
2928045
2928422
2928511
2928658
2928944
2929666
2930108
2930198
2930529
2930931
2931431
2931635
2931991
2932159
2932616
2933110
2933674
2934297
2935123
2936121
2936539
2937088
2937741
2937956
2938222
2939121
2939129
2939569
2940470
2940532
2941231
2942039
2942328
2943120
2943570
2943671
2944607
2945071
2945147
2945224
2945896
2946074
2946264
2947123
2947574
2947855
2948077
2948195
2948662
2948799
2949266
2949602
2949656
2950093
2950189
2950801
2951525
2952400
2953281
2953669
2954383
2954386
2954576
2954846
2955549
2956241
2957157
2957721
2958440
2958796
2959355
2959455
2960003
2960753
2961079
2961320
2961680
2962474
2963238
2964223
2964901
2965792
2966765
2967529
2968124
2968487
2969242
2970094
2970791
2971629
2972006
2972067
2972650
2973338
2973702
2974372
2975360
2976280
2976437
2977197
2977563
2978221
2978621
2978733
2979312
2979679
2980468
2980773
2980884
2981740
2981993
2982924
2983036
2983933
2984644
2985468
2985498
2985924
2986599
2986940
2987877
2987941
2988809
2989690
2990669
2991167
2991685
2992545
2992931
2993588
2993841
2994281
2994919
2994924
2995544
2995564
2996056
2996918
2997104
2997333
2997907
2998358
2999099
2999940
3000526
3000973
3001923
3002610
3003588
3004129
3004769
3005332
3005578
3006394
3007217
3007519
3008309
3008828
3008961
3009042
3009892
3010822
3011741
3012196
3012800
3013614
3013908
3014015
3014292
3014983
3015316
3015485
3015725
3016172
3016939
3017426
3017749
3017777
3018073
3018606
3019154
3019985
3020867
3021713
3021730
3022421
3022615
3023437
3023620
3023938
3024169
3025142
3025872
3025978
3026357
3027001
3027533
3027820
3028058
3028831
3028984
3029828
3030238
3030526
3030735
3031207
3031530
3032329
3032378
3032714
3033693
3034456
3034679
3035280
3035813
3035833
3035882
3035955
3036394
3037307
3037927
3038400
3039324
3040284
3040745
3041105
3041545
3041680
3041748
3041872
3042827
3042864
3043654
3044177
3044557
3045262
3045683
3046277
3046915
3047461
3047829
3048225
3048998
3049845
3050184
3050652
3051403
3051532
3052105
3052465
3053061
3053520
3054369
3054694
3054848
3055529
3056449
3056900
3057728
3058577
3058610
3058798
3059529
3060455
3060837
3061780
3062753
3063453
3063674
3064503
3065102
3065557
3065993
3066886
3067432
3067656
3068357
3068435
3069056
3070049
3070659
3070970
3071533
3072242
3072771
3073267
3073456
3073922
3074292
3074992
3075777
3076747
3077514
3078303
3078817
3078998
3079663
3080510
3080976
3081373
3081869
3081920
3082829
3083573
3084334
3084475
3084499
3085455
3086235
3087165
3088145
3088988
3089819
3090655
3090895
3091617
3092242
3092265
3092663
3093549
3094303
3094810
3095141
3095662
3095706
3096336
3097025
3097672
3098052
3098417
3098977
3099831
3100443
3100668
3101166
3101725
3102128
3102947
3103896
3104285
3104758
3104992
3105679
3106120
3106840
3107783
3107923
3108855
3109405
3110197
3110753
3111395
3111844
3112425
3113068
3114057
3114778
3115166
3115867
3115999
3116451
3116828
3117404
3117819
3118189
3118316
3118547
3119153
3119491
3120172
3120492
3121299
3121374
3121384
3121797
3122318
3123139
3124029
3124831
3124932
3125422
3126180
3126278
3126867
3127677
3128595
3129000
3129032
3129614
3130124
3130963
3130978
3131097
3131914
3132851
3132948
3133606
3133878
3133949
3134543
3135255
3135789
3136383
3137252
3137724
3138474
3139042
3139482
3139651
3139774
3139942
3140773
3141360
3141960
3142603
3143297
3143576
3144564
3145169
3145621
3146343
3146543
3146568
3147397
3148239
3148544
3149232
3149490
3149563
3149880
3150744
3151293
3152112
3152320
3152710
3153666
3153831
3154061
3154178
3154239
3154590
3155556
3156419
3156878
3157220
3157229
3157658
3158177
3158352
3158596
3159414
3160085
3160753
3161373
3162246
3162759
3163269
3164035
3164062
3164230
3164292
3164603
3164970
3165822
3166082
3166701
3166713
3167092
3167303
3167990
3168519
3168569
3169440
3169985
3170087
3170843
3171180
3171746
3172233
3173067
3173943
3174112
3174196
3175025
3175524
3175718
3176600
3176800
3177136
3178014
3178461
3178861
3179064
3180014
3181014
3181055
3181654
3181665
3181865
3182589
3183586
3183637
3183946
3184434
3185149
3185917
3186717
3186840
3187358
3187475
3187651
3188595
3188874
3189067
3189359
3190252
3190480
3191018
3191372
3191439
3192176
3192988
3193032
3193366
3193607
3193737
3194584
3195506
3196052
3196114
3196272
3196598
3196965
3197729
3198566
3199392
3200253
3200849
3200963
3201694
3202088
3202848
3203530
3203749
3204451
3204954
3205075
3205085
3205744
3205851
3206664
3206725
3207383
3207517
3208504
3208689
3208697
3209673
3209920
3210506
3211428
3212307
3212885
3213342
3214302
3215152
3215730
3216246
3216603
3217069
3217102
3217734
3218158
3218781
3219454
3220432
3220563
3221388
3222020
3222758
3222767
3223604
3223867
3224306
3224555
3224652
3225321
3225554
3226331
3226983
3227802
3228688
3229037
3229566
3230376
3230892
3231074
3231300
3231560
3232413
3233339
3233945
3234599
3234792
3234867
3235049
3235686
3235722
3236183
3236192
3236247
3236430
3236774
3237284
3237862
3237947
3238563
3238703
3238911
3239774
3239956
3240301
3241040
3241745
3242393
3242540
3242823
3243719
3244532
3244690
3245487
3246392
3246958
3247737
3248550
3248953
3249137
3249208
3249572
3249639
3250099
3250732
3251504
3252273
3252871
3253508
3254050
3254890
3255841
3256566
3257466
3257509
3257527
3257924
3258596
3259178
3260046
3260996
3261541
3262469
3263368
3264110
3264333
3264637
3264850
3265000
3265617
3266183
3266880
3267055
3267957
3268503
3269279
3269421
3269824
3270373
3270946
3271917
3272025
3272037
3272643
3273087
3274032
3274121
3274379
3275134
3276022
3276192
3276300
3276532
3277068
3277303
3277829
3278265
3278434
3279153
3279563
3280032
3280588
3281036
3281056
3282033
3282176
3282952
3283775
3284130
3284397
3285274
3286268
3286392
3286401
3287299
3288141
3288674
3288997
3289452
3290249
3290384
3290430
3290889
3291152
3291599
3292058
3292524
3293164
3293832
3293852
3294192
3295165
3295850
3295989
3296094
3296509
3297169
3298161
3298791
3299093
3299262
3299528
3300432
3300920
3300932
3301109
3302093
3302316
3302954
3303347
3304340
3304454
3305168
3306091
3306367
3306790
3306888
3307074
3307648
3308167
3308844
3308980
3309136
3309471
3310398
3311302
3311612
3312597
3313501
3313984
3314166
3314708
3315401
3315555
3316183
3317053
3317196
3318167
3318419
3318690
3319165
3319409
3319412
3319688
3319715
3319942
3320201
3320963
3321827
3322510
3322828
3323303
3323722
3323834
3324459
3324493
3324604
3325173
3325735
3325843
3326711
3327711
3328030
3328185
3328396
3328848
3329270
3329830
3330126
3330533
3330814
3330941
3331875
3332178
3332222
3332656
3332790
3333670
3333978
3334679
3335325
3335873
3335995
3336217
3336383
3337091
3337214
3337796
3338326
3338921
3339681
3340255
3340665
3340810
3341214
3341689
3342614
3343462
3343528
3344104
3344910
3345609
3346076
3346534
3346936
3347128
3347670
3347786
3347854
3348046
3348946
3349177
3349439
3350300
3350763
3351083
3351962
3352060
3353050
3353554
3353884
3354724
3354755
3355457
3356104
3356811
3357528
3358318
3359218
3359787
3360296
3360583
3361398
3362131
3363026
3363973
3364055
3364719
3365539
3366514
3366681
3366688
3367202
3367540
3368236
3368765
3369078
3369627
3370310
3370394
3370991
3371819
3372678
3373240
3373487
3374453
3375122
3375888
3376699
3377395
3377870
3378622
3378838
3379337
3380020
3380633
3381049
3381578
3382545
3383061
3383300
3383515
3383793
3383808
3384146
3384469
3384796
3385489
3385496
3385615
3386010
3386178
3386286
3387103
3388076
3388758
3389187
3389441
3389927
3390857
3391135
3391451
3392305
3392430
3392930
3393345
3394136
3394152
3394808
3394891
3395005
3395789
3396372
3396539
3397384
3397767
3398318
3399162
3399387
3400311
3400951
3401927
3402687
3403380
