3070832
3071476
3071876
3072403
3072404
3072589
3072752
3072796
3072833
3073072
3073996
3074358
3074511
3075026
3075949
3076481
3076793
3076831
3077755
3077761
3078372
3078957
3079899
3080872
3081462
3081594
3082179
3082208
3082770
3083061
3083364
3083921
3084082
3084906
3085099
3085870
3086262
3086751
3087406
3088304
3089255
3089996
3090543
3091471
3092393
3092415
3092813
3093142
3093444
3093837
3094166
3095104
3095940
3096628
3097319
3098042
3098745
3099172
3100109
3100979
3101580
3101714
3102196
3102942
3103878
3104245
3104446
3104776
3105099
3105251
3105392
3106215
3106599
3106626
3106681
3107552
3107591
3107605
3107657
3108226
3108961
3109217
3109945
3110115
3111078
3111443
3112164
3112638
3112772
3113243
3113312
3114277
3114829
3115615
3115912
3116729
3116988
3117789
3118782
3119337
3120159
3120228
3120235
3120385
3120637
3121143
3121698
3122507
3123140
3123960
3124645
3125334
3125710
3126079
3126215
3126560
3126967
3127279
3128063
3128634
3129281
3130008
3130204
3131056
3131139
3131315
3131586
3132184
3132915
3133153
3133765
3134003
3134025
3134523
3135271
3135937
3136186
3136764
3137682
3138139
3138950
3139863
3140704
3141019
3141806
3142187
3142776
3142960
3143610
3144562
3144973
3145921
3145938
3146361
3147270
3147365
3148239
3148395
3148462
3148539
3148774
3149731
3149810
3150206
3150414
3150861
3151529
3152408
3153030
3153500
3153597
3154426
3154820
3155147
3155908
3156642
3157528
3158410
3158476
3159179
3159766
3159854
3160803
3161582
3162410
3163075
3163296
3163895
3164485
3165138
3165931
3166025
3166536
3167378
3167601
3168455
3169289
3169735
3169842
3170183
3170897
3171608
3172170
3172351
3173207
3173789
3174343
3175034
3175697
3175872
3176081
3177074
3177165
3177530
3178020
3178167
3178176
3178477
3179046
3179589
3179815
3179884
3180174
3181144
3181822
3181825
3182144
3182697
3182802
3183709
3184610
3185051
3185826
3186551
3187541
3188418
3188945
3189713
3190636
3190882
3190993
3191524
3192461
3192876
3193320
3194121
3194125
3194272
3194625
3194701
3195546
3196080
3196958
3197523
3197638
3198283
3198704
3199297
3199800
3200654
3200918
3200920
3201506
3202262
3202536
3203305
3203524
3203890
3204266
3204879
3205500
3205741
3206119
3206442
3206874
3207569
3207701
3208576
3209102
3209979
3210978
3211151
3211351
3211381
3211443
3211810
3212374
3212584
3213195
3213540
3213997
3214931
3215196
3215266
3216249
3216359
3217304
3217486
3217627
3218303
3218886
3219525
3220297
3221037
3221492
3222096
3222252
3222807
3222940
3223361
3223875
3224421
3224488
3225115
3225970
3226062
3226864
3227421
3228115
3229023
3229228
3229237
3229992
3230023
3230180
3230867
3231843
3232152
3232493
3232816
3233566
3234517
3235251
3236102
3236397
3236758
3237159
3237619
3238194
3238652
3238863
3238873
3238951
3239142
3239974
3240885
3241752
3242391
3242606
3243498
3243807
3244196
3244684
3244918
3245389
3245964
3246848
3247589
3248173
3248941
3249570
3250418
3250632
3251442
3252113
3252677
3253490
3253707
3254039
3254534
3255225
3255567
3256549
3256785
3257482
3257678
3258609
3259174
3259374
3259621
3260441
3260779
3260873
3261323
3261338
3261700
3262163
3262664
3263044
3263764
3264241
3264902
3265779
3266586
3267416
3267780
3268576
3268844
3269364
3269632
3269731
3270382
3270690
3271411
3271612
3272579
3272986
3273238
3273776
3274052
3274696
3275015
3275557
3275894
3276842
3277133
3277888
3278653
3279449
3279758
3279859
3280171
3281008
3281620
3281638
3281669
3282134
3282310
3282717
3283051
3283451
3284114
3284159
3285091
3285240
3285410
3285441
3285814
3286063
3286111
3287066
3287277
3288240
3288345
3288422
3288580
3288700
3289240
3290099
3290638
3291247
3291279
3291751
3291962
3292130
3292917
3293731
3294427
3295131
3295302
3295804
3296036
3296882
3297087
3297963
3298945
3299219
3299829
3300018
3300797
3301058
3301441
3301957
3302706
3303061
3303951
3304301
3305034
3305570
3306431
3307343
3308269
3308586
3309454
3310179
3310548
3310739
3311574
3312339
3312702
3313058
3313393
3314063
3314142
3314688
3315412
3315778
3316537
3316767
3316862
3317746
3318256
3318608
3318689
3318968
3319195
3319712
3320436
3321293
3321571
3322009
3322091
3322251
3323095
3323355
3323932
3324848
3325827
3326308
3326816
3327607
3328047
3328893
3329720
3330143
3331070
3331783
3332220
3332423
3333054
3333579
3334170
3334673
3335114
3336091
3336493
3337067
3337303
3337893
3338391
3339244
3339711
3340689
3341177
3342102
3342377
3342553
3343380
3344199
3345169
3345978
3346365
3346644
3347367
3347672
3348116
3348781
3349306
3349964
3350317
3350831
3350911
3351433
3351660
3352413
3353260
3353839
3354558
3355425
3356283
3356286
3356966
3357356
3358339
3358994
3359318
3359781
3360140
3361042
3361191
3361942
3362829
3363447
3363680
3364503
3364642
3364955
3365736
3365873
3366406
3367144
3367194
3367773
3368011
3368995
3369768
3370714
3371466
3372201
3372280
3372976
3373433
3374393
3375355
3376322
3376451
3377449
3377745
3377813
3378794
3379776
3380083
3380707
3381217
3381819
3382447
3382909
3383198
3383602
3384217
3384751
3385549
3386131
3386466
3386587
3387541
3387643
3387796
3388795
3389677
3390056
3390768
3391392
3392216
3392669
3392963
3393891
3394548
3394815
3395509
3395651
3395668
3396382
3396538
3397090
3397522
3397948
3398017
3398653
3399010
3399322
3399979
3400327
3400448
3400993
3401891
3402767
3403393
3404234
3404247
3404275
3405120
3405417
3405603
3406206
3406476
3407159
3407960
3408017
3408325
3409025
3409830
3409853
3410563
3411037
3411555
3411640
3412067
3412850
3413540
3414068
3414101
3414618
3415261
3415832
3416555
3416919
3417423
3417702
3418258
3418677
3418980
3419797
3420051
3420718
3421015
3421736
3422265
3422819
3423101
3423850
3424476
3424488
3424816
3425473
3425981
3426615
3427254
3427901
3427929
3428743
3429192
3430035
3430186
3430671
3431666
3431994
3432649
3433265
3434145
3435051
3435230
3435752
3436254
3437144
3437542
3438530
3439299
3439343
3439520
3440317
3440874
3441747
3442248
3443189
3444092
3444113
3444303
3445289
3445352
3445441
3446167
3447024
3447275
3448018
3448988
3449448
3450115
3450885
3451557
3452526
3452593
3453507
3454181
3454558
3455129
3455234
3455745
3456184
3456443
3456964
3457830
3458425
3458895
3459126
3459383
3459960
3460302
3460513
3461096
3462070
3462209
3462878
3463431
3464223
3464404
3464726
3464997
3465757
3466677
3467616
3467938
3468938
3469311
3469520
3470251
3470895
3471094
3471219
3471590
3472388
3472899
3473650
3474378
3474921
3475145
3475277
3475665
3475686
3476172
3476566
3476684
3477141
3477328
3478026
3478856
3479254
3479615
3480498
3480695
3480944
3481778
3482529
3483048
3483369
3483568
3484435
3484658
3484920
3485421
3486035
3486413
3486631
3487471
3488256
3488720
3489108
3490050
3490060
3490629
3490678
3491613
3491864
3492139
3492666
3493487
3494353
3495166
3495841
3496220
3496553
3496836
3497153
3498082
3498204
3499169
3499929
3500162
3500569
3500914
3501271
3502180
3502306
3502826
3503698
3503714
3504615
3505232
3505635
3505870
3506312
3506769
3507121
3507435
3507583
3507898
3508481
3508958
3509951
3510451
3510785
3510839
3511387
3512271
3512439
3512771
3512832
3513122
3513841
3514662
3515366
3515522
3516057
3516723
3516935
3517076
3517886
3518617
3519020
3519531
3520452
3520702
3521113
3521554
3522491
3523368
3524300
3524304
3525086
3525893
3526275
3526559
3526800
3527707
3527718
3528022
3528383
3528625
3528978
3529519
3530475
3531087
3531985
3532567
3533098
3533385
3534308
3534994
3535096
3535103
3535609
3536461
3536536
3537018
3537597
3537682
3538326
3538434
3539382
3539674
3540074
3540132
3540640
3541552
3541991
3542411
3543327
3543955
3544610
3545519
3546299
3546867
3547246
3548108
3548664
3548974
3549326
3550155
3551065
3551716
3552671
3552917
3553819
3554594
3554896
3555427
3555637
3556396
3556725
3557652
3558312
3558566
3558861
3558923
3559064
3559963
3560067
3561054
3561198
3561309
3561680
3561975
3562006
3562200
3562428
3563367
3563841
3564054
3564981
3565251
3565984
3566800
3566998
3567295
3567633
3567788
3567944
3568678
3569288
3570197
3570408
3570566
3570866
3571595
3571845
3572372
3572645
3572962
3573683
3574340
3574547
3574912
3575597
3576396
3576676
3577336
3577551
3578260
3578808
3579172
3579229
3580226
3581059
3581119
3581313
3582158
3582214
3583213
3583938
3584925
3585668
3586038
3586415
3586651
3587552
3587766
3588761
3589064
3590008
3590709
3591375
3591532
3592024
3592294
3592357
3592725
3592856
3593256
3593273
3593951
3594891
3595338
3595525
3595772
3596624
3596838
3597163
3597404
3597939
3598344
3598816
3599091
3599684
3600419
3601333
3602171
3603160
3603610
3604509
3604576
3605242
3606155
3606920
3607767
3608465
3609366
3609872
3610435
3611432
3612258
3612973
3613629
3614611
3614659
3614706
3615003
3615186
3615317
3615701
3616388
3617277
3618032
3618801
3619341
3619570
3619962
3620526
3621284
3621640
3621866
3622246
3622927
3623428
3624379
3624392
3624420
3625103
3625443
3625992
3626944
3627653
3628415
3628659
3629368
3630059
3630875
3631168
3631714
3632402
3633020
3633675
3634534
3634601
3634813
3634992
3635903
3636047
3636273
3636892
3637198
3637535
3638283
3638491
3639263
3639710
3639745
3639901
3639933
3639968
3639988
3640602
3641446
3642028
3642461
3643439
3643566
3644077
3644138
3644987
3645400
3645499
3645518
3645588
3646326
3646897
3647419
3648034
3648323
3649095
3649197
3650081
3650538
3651260
3651503
3652119
3653080
3653635
3654108
3654370
3655027
3655688
3655950
3656461
3657130
3657134
3657946
3658223
3658858
3659092
3659145
3659546
3659630
3660007
3660213
3660421
3660739
3661418
3661888
3662089
3663014
3663434
3664301
3664561
3665495
3665631
3665789
3665911
3666250
3667067
3667084
3667656
3667695
3668494
3668687
3669440
3670278
3670786
3671188
3671922
3672682
3672928
3673909
3673965
3674685
3675387
3676188
3676269
3676786
3676822
3677120
3677403
3677488
3677760
3678098
3678335
3679130
3679133
3679711
3680244
3681091
3681781
3682719
3683537
3683754
3684235
3684597
3684882
3685066
3685520
3685890
3686700
3686977
3687713
3688155
3688835
3689275
3690087
3690628
3690861
3691196
3691273
3691879
3692183
3692702
3693437
3693925
3694693
3695155
3696112
3697070
3697905
3698836
3699705
3700593
3700663
3700971
3701134
3701973
3702212
3702552
3703069
3703966
3704030
3704696
3705184
3705191
3705540
3706371
3707029
3707826
3708810
3709273
3709619
3709817
3710587
3710672
3711307
3711606
3712089
3713083
3713678
3714502
3714730
3715226
3715761
3716641
3717049
3717898
3718270
3718643
3718921
3719895
3720197
3721090
3721909
3722089
3722631
3723269
3723301
3724029
3724168
3725105
3725909
3726070
3727044
3727417
3728003
3728675
3728793
3729779
3730452
3731317
3731673
3731919
3732664
3733357
3734027
3734595
3734726
3735335
3735934
3736435
3736895
3737181
3737701
3737712
3737874
3738327
3738707
3739297
3739840
3740838
3741106
3741861
3742717
3743375
3743396
3743464
3743986
3744149
3744444
3745181
3745913
3746299
3747000
3747414
3748032
3748088
3748236
3748363
3748874
3749849
3750356
3750780
3750910
3751548
3752026
3752545
3753187
3754151
3754363
3754496
3754789
3755317
3755760
3756435
3757032
3757633
3758024
3758112
3758785
3759388
3759435
3760404
3760718
3761581
3762351
3762425
3763011
3763117
3763510
3763616
3763921
3764174
3764254
3764823
3765315
3766160
3766786
3767004
3767185
3767687
3768114
3768673
3769624
3769786
3770231
3770435
3771379
3771405
3772222
3772240
3772905
3772966
3773420
3774329
3775258
3775796
3775906
3776174
3777043
3777448
3778382
3778918
3779489
3779596
3780425
3780465
3780913
3781787
3781971
3782724
3783699
3783873
3784780
3784951
3785128
3785616
3785635
3785788
3786206
3786772
3786903
3787463
3787753
3788129
3788570
3788814
3789614
3789786
3790427
3791382
3792117
3792476
3792825
3793602
3794171
3795062
3796050
3796895
3797229
3797635
3798392
3798462
3799305
3799369
3799412
3799904
3800058
3800342
3801074
3801515
3802034
3802992
3803842
3804146
3804421
3804795
3805041
3805237
3805903
3806488
3806729
3807006
3807240
3807469
3807488
3808105
3808931
3809062
3809664
3809950
3810451
3810626
3811445
3811458
3812268
3812329
3813047
3813274
3813607
3814557
3814647
3815163
3815603
3815804
3816240
3817018
3817527
3817572
3818074
3818270
3818916
3819709
3819888
3820637
3820803
3821283
3822119
3822733
3822779
3823205
3823872
3823895
3824577
3825024
3825964
3826309
3826448
3827286
3827781
3827995
3828652
3828671
3829534
3830251
3830746
3831471
3832308
3832342
3833136
3833377
3833486
3834267
3834896
3835303
3835943
3836652
3837648
3837718
3838566
3838896
3839122
3839226
3839408
3840316
3840600
3840668
3841502
3842496
3842757
3842849
3843488
3844160
3844710
3844999
3845538
3846165
3847095
3847558
3847813
3848255
3848898
3849701
3850522
3851327
3851645
3852531
3852926
3853202
3854009
3854241
3854590
3854659
3855650
3855816
3856805
3857358
3858196
3859152
3859585
3860013
3860904
3861748
3862521
3863224
3863826
3864264
3864496
3864837
3865705
3865718
3866497
3867030
3867846
3868252
3868939
3869362
3869646
3870024
3870615
3871014
3871688
3872247
3872434
3872464
3873207
3873778
3874459
3874844
3875145
3876131
3876921
3877896
3877927
3878754
3879305
3880105
3880135
3880254
3880457
3881337
3881992
3882046
3882455
3883249
3883702
3884518
3884771
3885356
3885835
3886401
3886671
3887131
3887496
3887531
3888286
3888619
3889276
3890020
3890980
3891012
3891769
3892616
3892656
3893538
3893762
3894567
3895070
3896059
3896915
3897803
3898196
3898362
3898537
3899248
3899992
3900612
3900762
3901156
3901733
3902661
3902979
3903076
3903983
3904718
3905435
3905766
3906376
3907372
3907445
3907664
3907808
3908095
3908254
3908426
3908550
3909358
3909373
3909901
3910472
3911121
3911434
3911699
3912429
3913021
3913195
3913300
3913585
3914240
3914531
3914667
3914850
3915113
3915281
3915313
3916027
3916688
3917628
3917933
3918098
3918991
3919186
3919694
3920611
3921248
3921993
3922100
3922107
3922111
3922698
3923635
3924240
3924863
3925686
3926614
3927229
3927283
3927651
3927967
3928529
3929142
3929188
3930143
3930848
3931786
3931823
3932704
3932823
3932951
3933409
3933873
3934742
3935452
3935815
3936493
3936948
3937754
3938103
3938196
3939043
3939110
3939208
3939490
3939559
3939914
3940445
3941006
3941446
3941686
3942104
3942765
3943058
3943683
3944426
3944979
3945827
3946067
3946870
3947850
3948451
3949315
3950304
3951184
3951731
3951855
3951924
3952819
3953079
3953225
3953699
3954509
3955215
3955490
3955959
3956455
3956970
3957735
3958622
3958973
3959380
3959856
3960297
3961176
3961887
3962685
3962856
3963100
3964068
3964878
3965709
3965924
3965927
3966297
3966790
3967773
3967852
3968071
3968806
3969752
3970039
3970676
3970977
3971272
3972039
3972647
3973602
3973621
3973777
3974025
3974063
3974147
3974501
3974954
3975527
3975652
3976076
3976186
3976356
3977105
3978058
3978883
3979811
3980261
3980577
3980836
3981644
3981981
3982764
3983250
3983668
3983964
3983994
3984936
3985000
3985771
3985947
3986093
3986206
3986309
3987152
3987305
3987393
3988114
3988887
3989634
3990496
3991046
3991843
3992211
3992771
3993741
3993791
3994778
3995771
3996234
3996943
3997794
3998774
3999282
4000083
4000702
4000938
4001609
4002439
4003181
4003236
4003649
4004038
4004841
4005790
4006069
4007066
4007133
4008040
4008841
4009578
4009786
4010464
4011033
4011431
4011689
4012229
4012645
4013572
4014020
4014267
4014311
4015260
4015862
4015924
4016250
4016417
4017022
4017324
4017548
4018465
4018883
4019774
4019805
4020498
4020948
4021109
4022104
4022523
4022804
4023777
4024760
4024840
4025033
4025759
4026261
4026434
4026845
4026956
4027500
4027579
4028400
4029144
4029526
4030022
4030034
4030498
4031286
4032027
4032651
4032763
4033156
4033921
4034604
4035489
4035809
4036126
4036774
4037651
4038600
4038697
4039243
4040240
4040886
4041362
4041626
4042590
4043347
4044224
4044785
4044939
4045695
4046190
4046949
4047094
4047190
4047864
4048373
4048908
4049590
4050576
4050950
4051204
4052000
4052170
4052750
4052969
4053366
4053674
4054081
4054266
4054791
4055326
4055488
4055935
4056469
4057294
4057393
4058300
4058532
4058580
4059287
4060199
4060380
4060850
4061207
4062105
4062111
4062649
4063439
4064085
4064894
4065008
4065204
4066167
4066891
4067184
4067385
4067862
4068758
4068804
4069372
4069821
4070291
4070667
4071297
4071519
4071852
4072164
4072776
4073047
4073623
4074226
4074529
4075163
4075442
4075904
4075978
4076304
4077117
4077800
4078013
4078872
4079391
4080152
4080529
4080941
4081280
4081480
4082204
4082446
4083070
4083692
4083703
4083890
4084371
4084630
4085072
4085878
4086719
4086855
4087421
4088116
4089043
4089562
4089633
4089840
4090651
4091213
4091897
4092159
4092378
4093253
4093917
4094131
4094964
4095673
4096603
4097312
4098311
4098529
4099412
4099546
4100135
4100506
4101154
4102108
4102700
4102816
4102970
4102991
4103012
4103281
4103767
4104445
4104562
4105081
4106014
4106015
4106706
4106876
4107477
4108255
4108771
4109234
4109257
4110006
4110965
4111762
4112117
4112889
4113218
4113951
4114758
4115381
4115634
4116066
4116172
4116728
4117600
4117717
4118332
4119027
4119436
4120100
4120341
4121292
4121682
4122669
4122766
4123081
4123857
4124787
4124805
4125635
4126252
4126358
4126977
4127103
4127452
4128351
4129347
4130142
4130904
4131286
4131979
4132267
4132729
4133592
4134017
4134703
4135116
4135494
4135624
4136199
4136755
4137662
4138031
4138884
4139106
4139178
4139538
4140510
4141210
4141251
4142247
4142646
4143362
4144340
4144347
4144495
4145309
4146290
4146497
4147471
4147593
4148413
4149346
4149373
4150344
4151298
4151787
4152315
4152878
4153290
4154192
4154591
4155392
4155836
4156110
4156821
4157558
4158325
4159230
4159508
4160048
4160072
4160168
4160890
4161276
4161570
4162143
4162628
4163485
4163762
4164635
4165068
4165239
4165396
4165849
4166585
4167559
4167902
4168784
4169052
4169635
4170467
4170877
4171166
4171305
4171903
4172502
4172774
4173478
4173774
4174186
4174234
4174311
4175241
4175676
4175774
4176499
4176710
4177351
4178029
4178411
4178416
4179088
4179374
4179914
4180383
4180611
4181255
4182246
4182785
4183522
4183917
4184802
4185439
4186134
4186842
4187457
4188264
4188848
4189637
4190333
4190634
4191416
4191977
4192843
4193669
4194026
4194268
4194991
4195347
4195358
4196121
4196823
4197028
4197915
4198494
4198655
4198780
4199530
4200200
4200570
4201525
4201806
4201971
4202531
4202548
4202711
4203152
4203387
4204114
4204598
4205517
4206145
4206998
4207981
4208062
4208285
4208397
4208817
4209532
4209645
4210632
4211554
4212190
4212719
4213693
4214387
4215068
4215818
4215935
4216483
4216973
4217031
4217945
4218365
4219106
4219127
4219744
4219745
4220594
4221257
4222174
4222181
4223177
4224049
4224142
4224278
4225127
4225350
4226156
4226512
4226561
4227266
4227301
4227859
4228242
4228276
4228921
4229558
4230144
4230468
4230950
4231641
4231760
4231940
4232934
4233795
4234510
4234943
4235185
4235246
4235852
4235963
4236535
4236587
4236784
4237765
4238691
4239456
4239892
4240731
4241576
4242035
4242979
4243740
4244239
4245025
4245048
4245405
4245442
4246150
4246526
4247507
4247922
4248447
4248629
4248855
4249743
4250560
4251439
4251671
4252092
4252509
4253490
4254235
4254985
4255924
4256058
4257042
4257403
4257806
4257914
4258795
4258996
4259744
4260224
4260248
4260995
4261353
4262035
4262244
4263083
4263441
4263838
4264373
4265059
4265685
4266381
4266428
4267299
4268270
4268363
4268473
4269360
4269565
4269983
4270412
4270891
4271091
4271103
4271664
4272316
4272355
4273351
4273985
4274585
4275080
4275860
4276528
4276574
4276733
4277213
4277743
4277879
4278549
4278942
4279006
4279026
4279472
4279532
4279657
4279900
4279988
4280102
4280493
4280804
4281802
4282797
4283794
4284124
4284176
4284721
4285269
4285616
4285737
4286294
4287094
4287456
4288219
4289154
4289345
4290191
4290220
4290222
4290934
4291425
4291988
4292963
4293180
4293992
4294347
4294756
4294789
4294929
4295816
4296135
4296700
4297626
4298232
4298555
4299158
4299659
4300443
4300782
4301776
4302390
4303323
4303507
4303522
4303636
4304230
4304932
4305190
4305702
4306571
4306850
4307064
4307151
4307553
4308454
4309203
4309226
4310005
4310191
4311167
4311811
4312324
4312732
4313193
4313996
4314988
4315863
4316620
4317060
4317393
4318084
4318147
4318838
4318846
4318945
4319504
4319884
4320845
4320948
4321166
4321819
4321970
4322492
4322763
4323372
4323477
4323956
4324480
4325186
4325761
4326341
4327063
4327661
4328024
4328375
4328476
4329001
4329725
4329937
4330059
4330779
4331724
4332542
4332721
4332900
4333116
4333640
4333719
4334023
4334365
4334735
4334798
4335474
4336442
4336765
4337258
4338250
4338388
4339241
4339940
4340454
4340805
4340857
4341723
4342476
4343445
4343910
4344238
4344896
4345894
4345928
4346584
4347333
4348315
4348814
4349522
4349856
4350199
4350291
4350684
4351265
4351665
4351885
4352249
4352454
4352971
4353017
4353648
4353689
4354547
4354657
4355045
4355917
4356431
4357040
4357409
4358303
4359255
4359682
4359893
4360645
4360842
4361264
4361571
4361879
4362593
4362908
4363603
4364073
4364688
4364847
4365497
4365543
4366003
4366121
4366235
4366366
4367055
4367716
4367952
4368875
4369710
4369998
4370798
4371687
4372334
4373119
4373354
4373727
4373857
4374672
4375054
4375971
4376853
4377494
4377879
4378858
4379772
4379828
4380320
4380523
4380875
4381037
4381463
4382162
4382622
4382965
4383377
4383774
4384269
4384508
4384713
4385005
4385196
4385484
4386401
4387311
4387933
4388351
4389013
4389942
4390022
4390344
4390684
4391485
4392262
4392996
4393160
4393979
4394712
4394847
4395064
4395697
4395867
4395901
4396473
4397146
4398008
4398109
4398538
4398843
4399217
4400056
4400935
4401827
4402437
4402528
4403254
4403849
4404573
4405049
4405406
4405903
4406298
4406861
4406984
4407014
4407836
4408462
4409385
4410112
4410291
4410884
4411548
4411908
4411930
4412503
4412625
4412783
4413500
4413745
4413793
4414315
4415304
4415662
4416218
4416460
4416904
4417353
4417544
4418230
4418238
4418808
4418903
4419161
4419939
4420660
4420899
4421506
4422417
4422959
4423811
4424048
4424227
4424930
4425056
4425838
4426013
4426532
4427402
4427440
4428410
4428979
4429857
4430337
4430765
4431601
4432109
4432147
4432155
4433036
4433622
4433996
4434432
4434669
4435388
4435998
4436496
4436903
4437486
4437787
4438122
4438637
4438885
4439060
4439454
4440266
4440609
4440896
4441129
4441903
4441971
4442897
4443476
4443629
4444346
4444786
4445478
4446094
4446924
4447866
4448080
4448281
4448881
4448911
4449868
4450346
4451148
4452091
4453075
4453591
4453875
4454644
4455580
4456150
4456854
4457309
4457631
4458335
4458422
4459039
4459533
4459754
4460560
4460794
4461608
4462269
4463064
4463347
4463867
4464147
4465066
4465949
4466526
4467167
4467254
4467388
4468304
4468522
4468741
4469657
4469668
4470069
4470373
4471090
4471580
4471879
4472869
4472879
4473329
4473592
4473711
4474700
4475229
4475443
4475892
4476886
4477282
4477648
4477864
4478161
4478845
4479364
4479787
4480491
4481089
4481491
4481684
4481980
4482463
4483033
4483572
4483676
4484162
4484334
4484941
4485034
4485951
4486040
4486784
4487300
4487971
4488756
4489589
4489847
4490008
4490938
4491292
4491656
4491848
4491941
4492679
4493230
4493232
4494154
4494386
4494878
4495857
4496457
4496577
4496666
4496773
4497467
4497995
4498875
4499600
4499616
4500120
4500477
4501085
4501442
4501520
4501828
4502450
4503151
4503777
4504677
4505363
4505529
4506073
4506741
4506789
4507619
4507724
4508114
4508947
4509936
4510038
4510602
4511542
4511657
4511771
4512088
4513058
4513714
4514123
4515100
4515357
4516311
4516845
4516991
4517418
4518416
4519172
4520008
4520024
4520455
4521384
4521686
4521983
4522316
4523122
4523936
4523993
4524445
4524486
4524764
4525354
4525493
4525541
4526277
4527191
4528132
4528549
4529042
4529285
4530046
4530384
4531350
4531642
4532292
4532935
4533668
4534300
4534698
4534940
4534991
4535065
4535335
4535709
4536111
4536172
4536973
4537240
4537848
4538157
4538458
4538718
4539236
4539852
4539984
4540371
4540490
4541396
4542194
4542427
4542914
4543495
4543759
4544352
4544607
4544700
4545663
4545673
4546321
4547011
4547084
4547266
4547926
4548137
4549127
4549332
4549653
4550418
4551065
4551741
4551854
4552528
4553338
4553522
4554464
4554966
4555787
4556138
4556299
4556562
4557086
4557913
4558748
4558913
4559668
4560139
4560949
4561626
4561746
4562055
4562153
4562945
4563565
4564483
4564719
4564839
4565439
4565746
4566372
4567299
4567365
4567720
4567980
4568103
4568224
4569038
4569810
4569890
4570541
4571295
4571568
4572180
4573029
4573414
4573581
4573828
4574175
4574670
4575127
4575647
4576042
4576687
4577333
4577671
4578249
4578570
4578624
4579516
4580464
4581287
4582189
4582703
4583429
4583663
4583860
4584030
4584598
4585311
4585356
4586298
4586997
4587728
4587754
4588120
4588156
4588642
4589586
4589822
4590574
4591564
4592337
4592442
4593293
4593399
4593932
4594354
4595064
4595986
4596531
4597331
4598091
4598971
4599104
4599933
4600785
4601544
4602431
4603046
4603235
4604232
4604912
4605547
4605998
4606513
4607334
4607999
4608618
4608898
4609200
4609292
4609670
4610489
4610630
4611588
4611638
4612435
4613099
4613719
4614421
4615196
4615656
4616302
4616471
4616717
4616899
4617719
4618318
4618515
4619030
4619308
4619908
4620237
4620285
4621040
4621351
4621489
4622144
4622480
4622765
4623634
4624437
4624868
4625489
4625942
4626364
4627306
4628046
4628221
4629000
4629055
4629150
4629417
4630331
4630745
4631282
4631316
4631783
4631988
4632321
4632323
4632390
4632813
4633578
4633603
4634096
4634146
4634917
4635303
4635951
4636863
4637005
4637334
4637669
4638502
4639475
4639505
4639531
4640247
4641072
4641313
4641394
4641818
4642237
4642697
4642880
4643213
4643628
4644263
4644481
4644758
4645430
4645881
4645884
4646168
4646971
4647352
4648018
4648614
4649574
4649947
4650118
4650473
4651001
4651868
4652781
4653548
4654481
4654562
4655003
4655511
4655520
4656271
4656652
4656745
4657667
4658310
4658315
4658621
4659464
4659625
4660260
4660397
4660565
4660936
4661177
4661869
4662195
4662247
4662278
4662871
4663235
4663665
4664422
4664875
4664945
4665672
4666569
4667121
4667668
4668084
4668485
4668820
4669014
4669725
4669994
4670915
4670985
4671895
4672258
4672418
4672795
4673156
4673910
4674710
4675448
4675482
4675669
4675826
4676453
4676675
4677117
4677998
4678049
4678898
4679042
4679622
4680617
4681546
4681570
4681765
4682511
4682964
4683723
4684150
4684911
4685212
4686156
4686613
4686716
4687036
4687659
4688075
4688764
4689635
4689851
4689855
4690532
4691489
4692204
4692240
4692780
4693520
4694445
4694771
4695746
4696266
4696550
4696895
4697463
4698152
4699079
4699221
4700108
4700276
4700691
4701615
4702218
4702546
4702586
4703024
4703115
4703846
4703901
4704209
4704809
4704835
4705028
4705208
4705842
4705983
4706887
4706925
4707140
4708128
4708784
4708791
4709320
4709754
4710206
4710447
4710464
4711063
4711953
4712367
4712760
4713241
4713771
4714293
4714750
4715043
4715445
4715794
4716712
4716989
4717935
4718745
4719430
4720048
4720775
4721725
4722053
4722157
4722869
4723297
4724083
4724972
4725900
4726799
4727312
4727721
4728117
4728287
4729163
4729962
4730383
4730875
4731716
4732358
4733273
4733392
4733889
4734560
4735284
4735625
4736364
4736919
4737040
4737978
4738021
4738867
4739189
4740100
4740807
4741310
4742224
4743138
4744026
4744489
4745117
4745622
4746176
4746807
4746816
4746865
4747763
4747996
4748469
4748588
4749445
4749900
4750869
4750913
4751617
4752225
4752678
4753335
4753715
4754086
4754775
4755007
4755776
4756767
4757624
4758291
4758378
4758863
4759326
4759700
4760586
4761094
4761698
4762077
4762092
4762502
4763068
4763935
4764598
4765274
4765718
4766225
4766307
4766310
4766391
4766980
4767857
4768136
4768344
4768444
4768494
4768752
4769286
4769803
4770577
4770973
4771709
4772272
4773046
4773389
4774351
4774764
4775534
4775634
4775868
4776217
4777068
4777659
4777689
4777983
4778026
4778613
4779608
4780313
4781241
4781423
4781574
4782341
4783251
4783520
4784310
4785119
4785397
4785761
4786086
4786714
4787689
4787777
4788383
4789002
4789677
4789680
4789773
4790093
4790807
4790838
4791575
4792558
4793327
4794060
4794798
4795085
4795335
4796249
4796306
4796769
4797033
4797862
4798452
4799045
4799291
4800261
4800915
4801421
4801974
4802127
4802263
4802670
4803445
4804051
4804426
4805189
4806175
4806586
4807206
4807246
4807741
4808416
4809407
4810304
4810749
4810918
4811916
4812094
4812625
4813128
4813688
4814052
4814359
4815221
4815586
4815732
4816231
4816245
4816619
4817324
4817674
4818261
4819028
4819590
4820486
4820817
4821025
4821189
4821547
4822523
4822825
4823664
4823959
4823977
4824946
4825535
4826374
4827067
4827215
4827293
4828266
4828743
4829719
4829769
4830362
4831135
4831236
4832149
4832391
4832621
4832886
4833859
4833897
4834813
4835504
4836413
4837321
4837751
4837753
4837868
4838829
4839664
4840484
4841040
4841242
4841964
4842033
4842323
4843217
4843993
4844301
4845107
4845973
4846270
4847002
4847875
4848486
4849204
4850173
4850296
4850526
4850821
4851743
4851872
4852583
4852913
4853714
4854094
4854421
4854481
4855163
4855572
4856264
4856297
4856414
4856553
4857210
4857631
4858480
4859352
4860056
4860868
4860888
4861354
4862277
4862737
4862844
4863586
4863770
4864588
4864886
4865077
4865539
4866418
4867304
4867971
4868884
4869576
4870421
4871293
4872214
4872904
4873867
4874701
4874796
4875695
4875809
4876643
4876823
4877417
4877634
4877825
4878694
4878791
4879211
4879630
4879906
4880362
4880569
4880820
4881044
4881104
4881300
4881809
4882572
4883063
4884011
4884825
4884973
4885423
4885649
4886614
4887190
4888167
4889119
4889134
4889983
4890169
4890541
4890565
4890912
4891185
4891747
4892337
4892939
4893046
4893368
4893733
4894193
4894660
4895052
4895509
4895995
4896589
4897238
4898100
4898594
4899048
4899120
4899724
4900675
4900976
4901663
4902394
4902763
4903015
4903630
4904523
4904669
4905075
4905645
4905736
4905821
4906004
4906909
4907860
4908358
4908965
4909873
4910529
4910699
4911283
4911637
4912318
4912377
4913146
4913626
4914609
4914938
4915029
4915550
4915946
4916060
4916828
4916901
4916947
4917534
4918366
4918588
4918939
4919432
4919862
4920082
4920137
4921035
4921337
4921709
4922012
4922701
4923400
4923764
4924652
4925199
4925616
4926051
4926419
4927366
4927372
4928044
4928644
4929417
4930050
4930614
4930670
4931555
4931730
4932707
4933025
4933135
4933994
4934358
4935025
4935410
4935967
4936131
4936871
4937236
4937536
4938320
4939078
4939475
4939652
4939946
4940577
4941305
4941938
4942788
4943486
4943820
4944526
4944626
4945207
4945367
4945989
4946568
4947428
4948294
4948458
4948628
4949352
4949677
4949732
4949926
4950757
4951092
4951789
4952293
4953283
4953536
4954231
4954235
4954883
4955106
4956021
4956224
4956820
4957160
4958094
4958423
4958676
4959002
4959281
4960266
4960671
4961431
4962214
4962721
4963484
4964463
4964768
4965643
4965844
4965974
4966035
4966468
4966811
4967795
4968258
4968554
4968585
4968715
4969575
4970021
4970660
4971362
4971814
4972173
4972419
4972839
4973822
4974342
4975274
4976110
4977028
4977427
4977473
4977544
4978333
4978404
4978956
4979146
4979887
4979898
4980847
4981668
4982472
4982991
4983154
4983636
4984497
4985110
4985987
4986626
4986924
4987047
4987513
4988347
4988693
4989397
4989705
4990130
4990392
4990736
4991733
4992518
4993461
4993826
4994038
4994701
4995088
4995360
4995556
4995948
4996692
4997533
4997923
4998773
4999270
5000089
5000988
5001922
5002119
5002884
5003443
5003814
5004457
5004751
5005290
5006085
5007018
5007231
5007957
5008043
5008807
5008935
5009864
5010261
5010276
5010440
5011318
5011757
5012064
5012565
5012660
5013249
5013667
5014152
5015047
5015504
5016238
5016854
5017192
5017719
5018524
5018898
5019126
5019623
5020409
5021036
5021178
5021827
5022654
5023072
5023802
5023977
5024524
5024634
5025263
5025880
5026793
5027786
5028621
5028954
5029895
5030355
5030983
5031679
5032350
5033320
5034273
5034431
5034831
5034913
5034975
5035293
5036168
5036367
5036648
5037039
5037939
5038371
5038983
5039372
5039395
5039625
5040238
5041127
5041899
5042819
5042862
5043170
5044027
5044305
5044850
5045591
5046372
5046377
5046964
5047309
5048055
5048588
5049415
5050231
5050905
5051890
5052140
5052885
5053241
5053653
5053953
5054302
5055132
5055371
5056088
5056569
5056951
5057398
5057709
5058421
5059269
5060008
5060933
5061684
5062612
5063258
5063560
5063682
5064219
5064540
5065077
5065948
5066561
5067497
5068142
5068510
5069116
5069912
5070628
5070667
5071648
5072516
5073050
5073410
5074030
