4781717
4782336
4782898
4782963
4783322
4783657
4784352
4785227
4785725
4785732
4786340
4786417
4787306
4787334
4788017
4788145
4788353
4788388
4789264
4789694
4790431
4791325
4791919
4792269
4793145
4793732
4794464
4794737
4795469
4796449
4796655
4797221
4797352
4797586
4797754
4798437
4798998
4799471
4800433
4800636
4800813
4801551
4801990
4802628
4803389
4803918
4804826
4805514
4805870
4806723
4807384
4807883
4808367
4808558
4809516
4810101
4810126
4810339
4810528
4811301
4811904
4812326
4812470
4812989
4813791
4813834
4814780
4815435
4816296
4816297
4816865
4817600
4817673
4818347
4818600
4819599
4820055
4821012
4821601
4821948
4822627
4822672
4823590
4824469
4824789
4825497
4825579
4826520
4826797
4827380
4828039
4828387
4828671
4828861
4829461
4830216
4830811
4831732
4832568
4833287
4833871
4834124
4834951
4835307
4835593
4836519
4836945
4837756
4838694
4839653
4839783
4839851
4840475
4841318
4841413
4841972
4842477
4842742
4842942
4843037
4843998
4844004
4844383
4844662
4845004
4845224
4845676
4846560
4846634
4847133
4847538
4848073
4848194
4849065
4849829
4850255
4850473
4851036
4851630
4852024
4852306
4852577
4852580
4852898
4853351
4853942
4854667
4855109
4855204
4855246
4855497
4855827
4856548
4857290
4858048
4858626
4859501
4860049
4860063
4860129
4860604
4861146
4861884
4862324
4862879
4863474
4864422
4865175
4865255
4865924
4866265
4867208
4867880
4868686
4869499
4870190
4870193
4870254
4871080
4871832
4872328
4872339
4873129
4873162
4873411
4873487
4874301
4874680
4874794
4874980
4875532
4876202
4876751
4877279
4878199
4878940
4879473
4880037
4880801
4881659
4882302
4883274
4883636
4884063
4884764
4885072
4885730
4886646
4887576
4887644
4888220
4889035
4889758
4890020
4890591
4891056
4891809
4892515
4892707
4893186
4893967
4894536
4895176
4896070
4896187
4896858
4897252
4897396
4898282
4898355
4898513
4898953
4899251
4900219
4900328
4900852
4901501
4901864
4902196
4903137
4903555
4904454
4904904
4904950
4905561
4906299
4907247
4907535
4908493
4908949
4909937
4910765
4911138
4911424
4911501
4911576
4911908
4912376
4912686
4912717
4913631
4914146
4914177
4915035
4915945
4916082
4916600
4917355
4917508
4917555
4918371
4918762
4919136
4919387
4919448
4920331
4920451
4921045
4921329
4921709
4922432
4922539
4922726
4923156
4923241
4923571
4923638
4923650
4924542
4924577
4924769
4924950
4925003
4925304
4925331
4926235
4927104
4927697
4927834
4928309
4928530
4928724
4928859
4929770
4930410
4931008
4931462
4931585
4931810
4932005
4932960
4933698
4933883
4934814
4935122
4935930
4936258
4936859
4937633
4938214
4938284
4938790
4939654
4939773
4940629
4941265
4941603
4941677
4941901
4942059
4942074
4942602
4943060
4943870
4944030
4944560
4945533
4945810
4946601
4947088
4947965
4948910
4949698
4950395
4950475
4950930
4951926
4952049
4953043
4953263
4953840
4954109
4954928
4955484
4955889
4956605
4956936
4956953
4957009
4957014
4957275
4957656
4958555
4958623
4958803
4959231
4959511
4959887
4960658
4961437
4962273
4962325
4963136
4963424
4964129
4964255
4964973
4965140
4965179
4965581
4966221
4966437
4966517
4966521
4967102
4967849
4968558
4969460
4969865
4970310
4970510
4971467
4971689
4972475
4972701
4973197
4973243
4973964
4974481
4975134
4975309
4975930
4976282
4976498
4976883
4977409
4977867
4978399
4979251
4979531
4980529
4980693
4981671
4982326
4982691
4982736
4983038
4983933
4984420
4984854
4985574
4985953
4986924
4987251
4987831
4988710
4989540
4989565
4989627
4989836
4989916
4990913
4991563
4991950
4992177
4992196
4993061
4993926
4994546
4994602
4994891
4995068
4995119
4995244
4995691
4995727
4996706
4997274
4997696
4997878
4998073
4998225
4998460
4998544
4999477
5000274
5000924
5000949
5001585
5002091
5002787
5003221
5003692
5004336
5004537
5004539
5005054
5005646
5006074
5006420
5006601
5007038
5007314
5007745
5007891
5008434
5008762
5009609
5010490
5011035
5011936
5012199
5012803
5013684
5013699
5014627
5015390
5015957
5016411
5016842
5017212
5018052
5018281
5018395
5018756
5019611
5020317
5020725
5021650
5022096
5022617
5023005
5023145
5023221
5023222
5023980
5024857
5025662
5026600
5026990
5027459
5028263
5028408
5028500
5029106
5029539
5030370
5030961
5031590
5031863
5032102
5033050
5033188
5034185
5035162
5035504
5035713
5035875
5035945
5036236
5037074
5037995
5038917
5039352
5039376
5039890
5040013
5040541
5041421
5041678
5041730
5042689
5043318
5043382
5044345
5044911
5045606
5045743
5046252
5047181
5047206
5047322
5048101
5048753
5048960
5049534
5049784
5049928
5050027
5050686
5051236
5051951
5052686
5053334
5053887
5054435
5055318
5056028
5056097
5056189
5056499
5056802
5057513
5057886
5058107
5058388
5058708
5058782
5058816
5059228
5059875
5059947
5060601
5060743
5061009
5061731
5061874
5062144
5062373
5062823
5063087
5064067
5064497
5064719
5065426
5065764
5065988
5066970
5067482
5067898
5068581
5069567
5069635
5070052
5070671
5071394
5071799
5072205
5072637
5073564
5073819
5073995
5074106
5074794
5074807
5075286
5075348
5075942
5076324
5077155
5077560
5078173
5078655
5079274
5080103
5080434
5081308
5081798
5082464
5083348
5083405
5083744
5084307
5084925
5085654
5086316
5086320
5086557
5087080
5087624
5087941
5088678
5089517
5089819
5090015
5090103
5090972
5091714
5091923
5092152
5092429
5093060
5093660
5094341
5094353
5094424
5094928
5095378
5095967
5096256
5097105
5098021
5098762
5099311
5100181
5101097
5101711
5102204
5103163
5103515
5103990
5104815
5104887
5105725
5106240
5106908
5107683
5107863
5108286
5109027
5109489
5109621
5109902
5110339
5110946
5111373
5112112
5112994
5113601
5114260
5114418
5114973
5115622
5115856
5116552
5116954
5117951
5118242
5118675
5118955
5119430
5119806
5120590
5121448
5122203
5122655
5123215
5123977
5124144
5124488
5124784
5125109
5125136
5125984
5126811
5127528
5128163
5128467
5129409
5129852
5130030
5130762
5131648
5131949
5132144
5133064
5133240
5134078
5134221
5134334
5135006
5135491
5136238
5136382
5136649
5136735
5137084
5137508
5138190
5138346
5139214
5140192
5140908
5141172
5141535
5142368
5142897
5143699
5144106
5145085
5145853
5146546
5146895
5147886
5147989
5148732
5149223
5149706
5150370
5151205
5151482
5152204
5152823
5152877
5153550
5154362
5154940
5155824
5156406
5157148
5157517
5157728
5158351
5159138
5159713
5159913
5159929
5160552
5161490
5161852
5162244
5162619
5163050
5163215
5163561
5164540
5164676
5165433
5165474
5165998
5166594
5167460
5168221
5169069
5169948
5170094
5170453
5171116
5171708
5172259
5172515
5173161
5173382
5174048
5174658
5175215
5175286
5175849
5176265
5177168
5177895
5178763
5179309
5179611
5180055
5180958
5181250
5181705
5182414
5183108
5183785
5184606
5185449
5185507
5185653
5186157
5186607
5187382
5188290
5188720
5189562
5189916
5189948
5190335
5190442
5191188
5191343
5192108
5192663
5193452
5194361
5194934
5195276
5195414
5196212
5196941
5197262
5197721
5198125
5199101
5199956
5200860
5201814
5202713
5203588
5204023
5204826
5204989
5205510
5205617
5205724
5206020
5206676
5207663
5207725
5208098
5208935
5209094
5209290
5209988
5210737
5211264
5212164
5213085
5213870
5213974
5214453
5215159
5215420
5215838
5216021
5217013
5217385
5218317
5218892
5219831
5220232
5220365
5220878
5221550
5222494
5223486
5223731
5224180
5224862
5225475
5226393
5226749
5226826
5227251
5228143
5228305
5228569
5229276
5229504
5229833
5229837
5229871
5229985
5230756
5231712
5231810
5232713
5232817
5233741
5233857
5234782
5235506
5235918
5236041
5237014
5237718
5238364
5238889
5239644
5240401
5240684
5241136
5241375
5241547
5241734
5241858
5242487
5243323
5243849
5243871
5244599
5245264
5245969
5246216
5247151
5247518
5247538
5248280
5248996
5249842
5249931
5250072
5250597
5251163
5251852
5252047
5252992
5253946
5254399
5254588
5255105
5255844
5256796
5257267
5257313
5257865
5258661
5259604
5260189
5261022
5261492
5261560
5262138
5263041
5263429
5263689
5263709
5263875
5264064
5264670
5265355
5266259
5267069
5267979
5268647
5268789
5269717
5270390
5270874
5271867
5272046
5272721
5273105
5273443
5273948
5274938
5275652
5275886
5276087
5276470
5277042
5277120
5277278
5278161
5278538
5278560
5279124
5279746
5279924
5280353
5280528
5281307
5282073
5282920
5283424
5284037
5284967
5285010
5285814
5286718
5287343
5287466
5287925
5288517
5289171
5289966
5290650
5290891
5291289
5291688
5292235
5293022
5293987
5294793
5294828
5295435
5296182
5297109
5297642
5298288
5298867
5299173
5299669
5299724
5300542
5300943
5301853
5302391
5303225
5304118
5304178
5304849
5305280
5305578
5306337
5306787
5307406
5307972
5308201
5308783
5309122
5309446
5309671
5310450
5311333
5311722
5312537
5313497
5314309
5315206
5316072
5316076
5316586
5316744
5317069
5317388
5318015
5318420
5319195
5319449
5320334
5320481
5320888
5321393
5321733
5322609
5322965
5323632
5323680
5324265
5325254
5325435
5326133
5327085
5327393
5327649
5327731
5328448
5328620
5329049
5329635
5330586
5331312
5332249
5332277
5332333
5332495
5332769
5333742
5334182
5335005
5335219
5336011
5336987
5337684
5337876
5338793
5339513
5339953
5339961
5339994
5340142
5341054
5341282
5342191
5342877
5343183
5343742
5344592
5344662
5344900
5345811
5346044
5346390
5347059
5347994
5348416
5348886
5349364
5349648
5350363
5350446
5351141
5351749
5352512
5353287
5353676
5354399
5354654
5354771
5355110
5355473
5355751
5355916
5356313
5356751
5356790
5357289
5357318
5357660
5358411
5359015
5359439
5360343
5360546
5361459
5362441
5362888
5363195
5363958
5364728
5365176
5365418
5365574
5365867
5366817
5367271
5367576
5368041
5368175
5368472
5369055
5369359
5370092
5370823
5371699
5372333
5372401
5373351
5373582
5374479
5375403
5375844
5375981
5376515
5376627
5377286
5378077
5378483
5379334
5380128
5381071
5381487
5381979
5382326
5383218
5383339
5383461
5384333
5384780
5385765
5386500
5386534
5387429
5387475
5387643
5387943
5388635
5388809
5389137
5389417
5390331
5390828
5390905
5391772
5392619
5392626
5392732
5393354
5393536
5393828
5394491
5395391
5396006
5396347
5396701
5396869
5397682
5398068
5398907
5399662
5400174
5400370
5400874
5401120
5401282
5402172
5402718
5402809
5403176
5403988
5404956
5405574
5405653
5406224
5407104
5407551
5407891
5408517
5409017
5409902
5409918
5410419
5411109
5411265
5411587
5412423
5412842
5413397
5414089
5414090
5414578
5414884
5415219
5415792
5416560
5417278
5418272
5419103
5419808
5420765
5421226
5421241
5421497
5421867
5422191
5422237
5423058
5423102
5423563
5424471
5425299
5425486
5426373
5427328
5428068
5428080
5428586
5428935
5429860
5430187
5430659
5431651
5432051
5432417
5432742
5433405
5433688
5434194
5434997
5435160
5435613
5436122
5437044
5437588
5438012
5438014
5438259
5438580
5439412
5439689
5439704
5440079
5440173
5440957
5441130
5441431
5441851
5442232
5443066
5443823
5444035
5444681
5445588
5445966
5446452
5446922
5447537
5448427
5448473
5449135
5449898
5450214
5450455
5450754
5451210
5451529
5451795
5452139
5452670
5453409
5454176
5454362
5454879
5455527
5455840
5455937
5456836
5457452
5457646
5457671
5457914
5458816
5459489
5459536
5460487
5461295
5461898
5462442
5462500
5463455
5463842
5464197
5464472
5464642
5465157
5465856
5465990
5466785
5467114
5467968
5468003
5468080
5468931
5469027
5470017
5470043
5470172
5470432
5470498
5470888
5471459
5472459
5473156
5473177
5473596
5474457
5475101
5475296
5475644
5476293
5477010
5477733
5478019
5478595
5478948
5479361
5480273
5480620
5480754
5481368
5482331
5482435
5482722
5483062
5484052
5484219
5484271
5484848
5484905
5485831
5486510
5486854
5487333
5488002
5488387
5488774
5489432
5489687
5490439
5491093
5491149
5492089
5492536
5493217
5493355
5493668
5494459
5494734
5495478
5496056
5496171
5496954
5497081
5497533
5497960
5498427
5499140
5499498
5499530
5499783
5500593
5500660
5500799
5501222
5502192
5502566
5502811
5503429
5503621
5504587
5505343
5506001
5506597
5507077
5507636
5507660
5508318
5508924
5509127
5509804
5510180
5510957
5511791
5512270
5513081
5513978
5514196
5514223
5514466
5515384
5516058
5516359
5516582
5517081
5517926
5518915
5519716
5519741
5520452
5521217
5521286
5521460
5521544
5522322
5523145
5523603
5523790
5524437
5525330
5525733
5526543
5526650
5526806
5527161
5528038
5528071
5528305
5528965
5529577
5529651
5529808
5530026
5530402
5530676
5530968
5531423
5531858
5531955
5532591
5533161
5533385
5534019
5534915
5535354
5535962
5536165
5536858
5536914
5537571
5537925
5538635
5539206
5539341
5540181
5540290
5540857
5541003
5541871
5542494
5543306
5544062
5544204
5544617
5545254
5545862
5546714
5547513
5548323
5548810
5549178
5549201
5549292
5549304
5549627
5549807
5549984
5550196
5550914
5551661
5552335
5552675
5552853
5552856
5553115
5553480
5554066
5554149
5554685
5554851
5555576
5555886
5556453
5556928
5557752
5558567
5558650
5558871
5559130
5559961
5560718
5561123
5562007
5562577
5562867
5563198
5563818
5564377
5565189
5565850
5566783
5567139
5567568
5567689
5568638
5569111
5569690
5569829
5569983
5570256
5570278
5571047
5571310
5571955
5572717
5572776
5573233
5573849
5574038
5574547
5574645
5575601
5576555
5577442
5578433
5578703
5579160
5579768
5580482
5581410
5582156
5582184
5582456
5583331
5583565
5583935
5584817
5585263
5585789
5586141
5586377
5587321
5587389
5588376
5589185
5590173
5590315
5590554
5591362
5591594
5592469
5592473
5592844
5593147
5593711
5594688
5595091
5595633
5595764
5596444
5596460
5597431
5597856
5598082
5598610
5599605
5600103
5600492
5600904
5601297
5601474
5601485
5601576
5602414
5602688
5602842
5603730
5604697
5604776
5604780
5604909
5605128
5605929
5606412
5606466
5607208
5607865
5608835
5609147
5609404
5610372
5610712
5611028
5611874
5612210
5612476
5612995
5613837
5614297
5615112
5615603
5616357
5617185
5617601
5617656
5618521
5619434
5619968
5619998
5620408
5620497
5620933
5621397
5621525
5622077
5622875
5623046
5623989
5624162
5624948
5625286
5625814
5625891
5626046
5626471
5627308
5628003
5628248
5628750
5628758
5629393
5629440
5629948
5630213
5630726
5631101
5631493
5631878
5632307
5632497
5633326
5633450
5634391
5635293
5635461
5635994
5636871
5637060
5637355
5637894
5637990
5638567
5639237
5639911
5640388
5641351
5642028
5642701
5643692
5643910
5644080
5644749
5644782
5644804
5645580
5645623
5646551
5646751
5647366
5647543
5647949
5648736
5649250
5650234
5651191
5651406
5651994
5652169
5653157
5654050
5655011
5655518
5656468
5657431
5658344
5658402
5658780
5659615
5660403
5660954
5661653
5662373
5662767
5662979
5662999
5663160
5663252
5664171
5664298
5664424
5665029
5665707
5666282
5666401
5666534
5666844
5666907
5667593
5668311
5668574
5668949
5669451
5670136
5670235
5670493
5671157
5671876
5671946
5672056
5672774
5673439
5673533
5673945
5674010
5674489
5675176
5675569
5675872
5676836
5677633
5677756
5678426
5678475
5679337
5679626
5679909
5680841
5681673
5682503
5683107
5684102
5684794
5684911
5685437
5685613
5685810
5685845
5686141
5687096
5687453
5687895
5687917
5688727
5689137
5689598
5690110
5690377
5690888
5691528
5691975
5692892
5693653
5694376
5695297
5695437
5696143
5696597
5697420
5698230
5699205
5699937
5700824
5701065
5701571
5702294
5703267
5704244
5705130
5706019
5706301
5706954
5707052
5707401
5708008
5708363
5708464
5709324
5709964
5710366
5711144
5711161
5711583
5711776
5712160
5712847
5713082
5714052
5714249
5714635
5715105
5715849
5716061
5716547
5717527
5718153
5718709
5719491
5719795
5720482
5720970
5721505
5721886
5722508
5722867
5723662
5724482
5724894
5725011
5725578
5725618
5726464
5727278
5727700
5727733
5728692
5729002
5729697
5730555
5731374
5731862
5731866
5732647
5733147
5733567
5734106
5734547
5735159
5735529
5736510
5737310
5737629
5738186
5739139
5740053
5740296
5740932
5741733
5742567
5743156
5744024
5744848
5745701
5746331
5746678
5747302
5748232
5749023
5749476
5749498
5749815
5750677
5751602
5752088
5752287
5752771
5753526
5754408
5754610
5755431
5755785
5755993
5756036
5756172
5756940
5757661
5757951
5758812
5759320
5760111
5760435
5760944
5761805
5762074
5763025
5763690
5763842
5763993
5764147
5764943
5765552
5766203
5766363
5766712
5767376
5768315
5768710
5768782
5769537
5769967
5770455
5771209
5771809
5771823
5772059
5772720
5773502
5774219
5775082
5775709
5776043
5776112
5776395
5777058
5777756
5778564
5778565
5779222
5779757
5780292
5780625
5781230
5781958
5782364
5782576
5783280
5783329
5784024
5784496
5785326
5785653
5785872
5785979
5786058
5786361
5786931
5787841
5788688
5788721
5789012
5789895
5790330
5790618
5791145
5791608
5792149
5792518
5793015
5793666
5794522
5795460
5796198
5796735
5796955
5797053
5797937
5797963
5798157
5798960
5799493
5800106
5800194
5800439
5800473
5800774
5800890
5801852
5802057
5802417
5802546
5803445
5803600
5804224
5804469
5805121
5806019
5806336
5806537
5807481
5808153
5808489
5809041
5809085
5809701
5810593
5811182
5811865
5812753
5813734
5814154
5814698
5815415
5815459
5815960
5816638
5817434
5817624
5817879
5818106
5818453
5819032
5819197
5819335
5819858
5820816
5821600
5821714
5822007
5822575
5822775
5823342
5824168
5824418
5824550
5824748
5824810
5824854
5825483
5825625
5826337
5826771
5826846
5827070
5828011
5828596
5828779
5828890
5829014
5829581
5830437
5831146
5831209
5832184
5832781
5832874
5833045
5833460
5833982
5834641
5834750
5835225
5835615
5835935
5836717
5837570
5838289
5838756
5839669
5839973
5840589
5841342
5841903
5842016
5842532
5843446
5843950
5844891
5845088
5846026
5846802
5847476
5848467
5849193
5849905
5850397
5850902
5851753
5852406
5852445
5852472
5853120
5853643
5854614
5854648
5854885
5854929
5855685
5856128
5856216
5857082
5857799
5857997
5858817
5859768
5859872
5860020
5860970
5861429
5862113
5862702
5862933
5863151
5863735
5864619
5865055
5865540
5866205
5866813
5867103
5867451
5868319
5869133
5870008
5870286
5871255
5871485
5872076
5872156
5872435
5873306
5874055
5874554
5874663
5874736
5874796
5875272
5875443
5876218
5876827
5877172
5877728
5878121
5879091
5879541
5880337
5880768
5881708
5881796
5882394
5883147
5883527
5883675
5883828
5884569
5885568
5886471
5886795
5887338
5888321
5889196
5889754
5890624
5890805
5891619
5892459
5893191
5893300
5893812
5894637
5895597
5895911
5896802
5897802
5898748
5899541
5900017
5900862
5901287
5901769
5902308
5902599
5903103
5903586
5904112
5904604
5905206
5905552
5905921
5905995
5906152
5906305
5906934
5907726
5908461
5909249
5909936
5910148
5910305
5910915
5910979
5911301
5911729
5911992
5912631
5913070
5913559
5913708
5913916
5914864
5915387
5915446
5916345
5916406
5916850
5917434
5917488
5917876
5918531
5918854
5919093
5919480
5920220
5920658
5921326
5922134
5922820
5922919
5923185
5923344
5923450
5923714
5924403
5925218
5925636
5925853
5926716
5926957
5927801
5927889
5927892
5928345
5928483
5928904
5929455
5929553
5929807
5930375
5930724
5930875
5931609
5931909
5932467
5933301
5933672
5934350
5934933
5935924
5936519
5937351
5938105
5938496
5939380
5939430
5940273
5940533
5940904
5940989
5941633
5941861
5942582
5943396
5943940
5944508
5944829
5945616
5945865
5946184
5947071
5947641
5948195
5948314
5949065
5949180
5949605
5950412
5951119
5951974
5952418
5953159
5953794
5954667
5955313
5955326
5955660
5956272
5956842
5956931
5957510
5957802
5958530
5958700
5959625
5959746
5960177
5961097
5961853
5962843
5963357
5963942
5964371
5964635
5964740
5964766
5965044
5965679
5966320
5967090
5967715
5967751
5968304
5968821
5969462
5970366
5970960
5971809
5971978
5972510
5972744
5973453
5973670
5973831
5974571
5975166
5976009
5976394
5976589
5977219
5977904
5978410
5978461
5979179
5979520
5980379
5980691
5981062
5981831
5982452
5983187
5983886
5984857
5985658
5986122
5986666
5987406
5987618
5988147
5988169
5988697
5989280
5990032
5990257
5991013
5991818
5992186
5992455
5992980
5993490
5993673
5994567
5995008
5995020
5995106
5995226
5996211
5997047
5997223
5998005
5998597
5998821
5998902
5999451
6000248
6000783
6001522
6001939
6002636
6002833
6003689
6004320
6005177
6005351
6005454
6005557
6006312
6007139
6008101
6008638
6009129
6009173
6010020
6010279
6010717
6011559
6011818
6012778
6013494
6013839
6014398
6015302
6015339
6016086
6016516
6016820
6017322
6017525
6017954
6018175
6018242
6019194
6019766
6020094
6020749
6021301
6021338
6021606
6022515
6023499
6023865
6024024
6024899
6025539
6025830
6026379
6026757
6027579
6027691
6028646
6028923
6029702
6030404
6030757
6031395
6032347
6032942
6033052
6033796
6034595
6035196
6035748
6036146
6036887
6037358
6037898
6038370
6038889
6039494
6040380
6041185
6042176
6042227
6042960
6043940
6044340
6044370
6044768
6045225
6046106
6047033
6047714
6047806
6048280
6049225
6049513
6049763
6049982
6050672
6051375
6052332
6053260
6053784
6053894
6054277
6055091
6055852
6055986
6056155
6056907
6056984
6057843
6058061
6058287
6058437
6058723
6059451
6060421
6060795
6061034
6061957
6062155
6062809
6063672
6064545
6065465
6065926
6066851
6067648
6067831
6068121
6068374
6069203
6070105
6071034
6071911
6072379
6073321
6073671
6073837
6074476
6075372
6075601
6076307
6077111
6077179
6077642
6078508
6078832
6079491
6080051
6080332
6081178
6081630
6082411
6083171
6083446
6084107
6084345
6084808
6085162
6085999
6086337
6087324
6087786
6088611
6088641
6088957
6089255
6089528
6090347
6091134
6091754
6091962
6092562
6092589
6093559
6094507
6094566
6095371
6095829
6096424
6097025
6097164
6097788
6097797
6098205
6098583
6098705
6098875
6099478
6100285
6100989
6101876
6102689
6103492
6104051
6104293
6104537
6105517
6105555
6105702
6106271
6106322
6107162
6107936
6108597
6109235
6110088
6110843
6111633
6111960
6112563
6112996
6113002
6113762
6113999
6114198
6114562
6115015
6115432
6116085
6116280
6116408
6117079
6117092
6117175
6117909
6118305
6119103
6119571
6120300
6121005
6121085
6121853
6122164
6122190
6122740
6123039
6123889
6124237
6125007
6125533
6125901
6126282
6126558
6126762
6127034
6127915
6127969
6128535
6128896
6129775
6130566
6131129
6131515
6132468
6132909
6133290
6134117
6134808
6135736
6135979
6136035
6136322
6136384
6137007
6137531
6138197
6138892
6139626
6140313
6141213
6141727
6141832
6142480
6142608
6143436
6144184
6144580
6145389
6146201
6147054
6147396
6147628
6147736
6148586
6149500
6150017
6150399
6150758
6151343
6151513
6151985
6152145
6152566
6153094
6153564
6153645
6153965
6154619
6155300
6155906
6156092
6156412
6157292
6157753
6158119
6158806
6159722
6159980
6160105
6160799
6161784
6161803
6162683
6162758
6163660
6164485
6164665
6164877
6165586
6165593
6165877
6166214
6166364
6166881
6167310
6167664
6168349
6168470
6169128
6169875
6170304
6171047
6171175
6171381
6172048
6172070
6172423
6173070
6173555
6173783
6174385
6174510
6174744
6175636
6175821
6176275
6176556
6176902
6177528
6178174
6179076
6179184
6180129
6180804
6181127
6181977
6182148
6182511
6182544
6182556
6182558
6183354
6183954
6184333
6184598
6184841
6185732
6186407
6186816
6187696
6188168
6188701
6189428
6189909
6190315
6190475
6190578
6190836
6191169
6192144
6192218
6192557
6193052
6193065
6193911
6194232
6195030
6195484
6196368
6197186
6198037
6199028
6199643
6200117
6200343
6201149
6201674
6202530
6203157
6204100
6204664
6205270
6206208
6206955
6207129
6207498
6207880
6208344
6208613
6208776
6209523
6210436
6210466
6210524
6211462
6212126
6212427
6213015
6213548
6214492
6214938
6215375
6216167
6216758
6216788
6217270
6218188
6218442
6218697
6219297
6219932
6220179
6220811
6221202
6221613
6222081
6222482
6223231
6224070
6224547
6225487
6225821
6226007
6226728
6226799
6227737
6228698
6229256
6229792
6230355
6230861
6231798
6232122
6232805
6233302
6233430
6234245
6234592
6235309
6236001
6236453
6236581
6236790
6237459
6237987
6238487
6238769
6239409
6240056
6240526
6240789
6241342
6242092
6242148
6242152
6242265
6242516
6242587
6243108
6243200
6243722
6244083
6244801
6245494
6245589
6246288
6247212
6248161
6249055
6249339
6249993
6250047
6250079
6250226
6250252
6251065
6251190
6251708
6251901
6252472
6253129
6253450
6254361
6254428
6254728
6255682
6255870
6256138
6256817
6257202
6258079
6258824
6259651
6260277
6260448
6260539
6260950
6261467
6262041
6262871
6263448
6263781
6264528
6264892
6265709
6265919
6266440
6267044
6267074
6267266
6268254
6268988
6269867
6270817
6271252
6271454
6271905
6272556
6272950
6273092
6273603
6274260
6274530
6275040
6275447
6276357
6276585
6276991
6277968
6278904
6279306
6279915
6280859
6281222
6282217
6282541
6283116
6283663
6283914
6284005
6284438
6285023
6285261
6285749
6286146
6286290
6287156
6288034
6288225
6289194
6289834
6290594
6290718
6291151
6291471
6292391
6292455
6292693
6293650
6294558
6295540
6295655
6296282
6296377
6297168
6297548
6298339
6298856
6299811
6299923
6300551
6301455
6301856
6302159
6302869
6303796
6304215
6304998
6305111
6305375
6305419
6305769
6305985
6305993
6306289
6306932
6307418
6307929
6307973
6308048
6308309
6308646
6309236
6309580
6309689
6310007
6310965
6311109
6311807
6311825
6312179
6312529
6313452
6313532
6313874
6314610
6314970
6315791
6316515
6316908
6317410
6317691
6317816
6318510
6319374
6320007
6320907
6321527
6322327
6322475
6323370
6323650
6324123
6325003
6325854
6326145
6326460
6326518
6326713
6327105
6328074
6328350
6328436
6328531
6329442
6330137
6330565
6330701
6331368
6331928
6332211
6332876
6333664
6334315
6334889
6335870
6336083
6336979
6337459
6337936
6338354
6338693
6339038
6339588
6339712
6339786
6340663
6340706
6340935
6340986
6341408
6341710
6342337
6342669
6343093
6343319
6343514
6343544
6344328
6344498
6344704
6345469
6346422
6346662
6347528
6347758
6348250
6349073
6349380
6350251
6350330
6350749
6351328
6352046
6353021
6353652
6354584
6355121
6356093
6356930
6357748
6358133
6359040
6359656
6359794
6360776
6360815
6361271
6361498
6361846
6362632
6362815
6362928
6363238
6363510
6364164
6364550
6364655
6365340
6366234
6366816
6366871
6367608
6367966
6368939
6368943
6369667
6370576
6370934
6371728
6372023
6372682
6372741
6373688
6374041
6374862
6375720
6376058
6376160
6377044
6377236
6377273
6377869
6378828
6378914
6379810
6380116
6380385
6380832
6381153
6381399
6382227
6383080
6383158
6383413
6384176
6384824
6385374
6386018
6386153
6386411
6386541
6386640
6387074
6387128
6387255
6387380
6387546
6388504
6388955
6389751
6389800
6389803
6390604
6391307
6391853
6392313
6393092
6393365
6393442
6394140
6394596
6395058
6395095
6395644
6396112
6396918
6397899
6398591
6399181
6399354
6399663
6400357
6401325
6401952
6402014
6402952
6403114
6404019
6404978
6405750
6405891
6406203
6407200
6407725
6407922
6408747
6408800
6409176
6409886
6410190
6411060
6411338
6411905
6412343
6413146
6413814
6413876
6414762
6415349
6415671
6415816
6416290
6416658
6416936
6417424
6417779
6417815
6417989
6418630
6419238
6419536
6420410
6420724
6421030
6421588
6421732
6422198
6422710
6423062
6423705
6424459
6425064
6426047
6426334
6426638
6426670
6426798
6427329
6428154
6428548
6429425
6429702
6430021
6430659
6431287
6431954
6432899
6433618
6433656
6434499
6435289
6436168
6436903
6437005
6437011
6438008
6438972
6439234
6440114
6440773
6440976
6441526
6442061
6443005
6443573
6444113
6444605
6444686
6445661
6446118
6446346
6446852
6447202
6447450
6448182
6448204
6448759
6449435
6450114
6451006
6451206
6451953
6452428
6452937
6453791
6454666
6455536
6456417
6456699
6457006
6457074
6457941
6458592
6458758
6458950
6459277
6460019
6460394
6460464
6460552
6460727
6461591
6462336
6462917
6463533
6463817
6464346
6464834
6465205
6466190
6466632
6466920
6467503
6468492
6468952
6469408
6469483
6469509
6469600
6470294
6470964
6471575
6472375
6473043
6473433
6473794
6474649
6474834
6474890
6475295
6475575
6475756
6476363
6476954
6477671
6478007
6478010
6478905
6479799
6480369
6480715
6481097
6481608
6481905
6482771
6483551
6483835
6484497
6485204
6485940
6486192
6486909
6487194
6487571
6487990
6488555
6488620
6488698
6488889
6489144
6489573
6489918
6490351
6491317
6492022
6492284
6492966
6493959
6494232
6494356
6494810
6494991
6495124
6495645
6495993
6496281
6496382
6496885
6497688
6498298
6498376
6498570
6499049
6499370
6499524
6500088
6500984
6501214
6501387
6501540
6501812
6502738
6503442
6504081
6504222
6504224
6505174
6505719
6506312
6506917
6507015
6507307
6507697
6508280
6508562
6508634
6509218
6509982
6510011
6510142
6510606
6511168
6511443
6512024
6512202
6512438
6513305
6513417
6514230
6514371
6514737
6515189
6516010
6516130
6516982
6517511
6517988
6518483
6518864
6519211
6519550
6520106
6521017
6521215
6521728
6522515
6523319
6524215
6524254
6524337
6525318
6525451
6525652
6525695
6526384
6527094
6527745
6527868
6528330
6529235
6529371
6530210
6530943
6531395
6531634
6532280
6532751
6533021
6533753
6534507
6535102
6535192
6535576
6536259
6537051
6537959
6538611
6538689
6538758
6539150
6539583
6540554
6540627
6541357
6541518
6541751
6542002
6542781
6543213
6543355
6544234
6544588
6544621
6545097
6545308
6545808
6546632
6547091
6548051
6548918
6549234
6549768
6549933
6550219
6550707
6551599
6552349
6552868
6553119
6553900
6553959
6554533
6554588
6554658
6555131
6555296
6556062
6556065
6556356
6556363
6556759
6557452
6558291
6558881
6559756
6559997
6560054
6560962
6561434
6561727
6561812
6562006
6562124
6562327
6562403
6563303
6564110
6564897
6565139
6565409
6565893
6566626
6567155
6567806
6567890
6568196
6568496
6569459
6569463
6569510
6570244
6571065
6571233
6572186
6572658
6573281
6573976
6574552
6574963
6575211
6576046
6576888
6576935
6577893
6578590
6579455
6579911
6580764
6581759
6582333
6582691
6583671
6584432
6584453
6584976
6585639
6585804
6585993
6586499
6587069
6588011
6588105
6589010
6589436
6589995
6590259
6590285
6590451
6591183
6591637
6591842
6592074
6592450
6593445
6593881
6594524
6595211
6595782
6596736
6596955
6597805
6598253
6599222
6599652
6600341
6601096
6601156
6601304
6601735
6602544
6603002
6603509
6603580
6604421
6604727
6605469
6606406
6607028
6607428
6607861
6608701
6608992
6609114
6609655
6610024
6610151
6610755
6611521
6612107
6612988
6613965
6614560
6614795
6615082
6615803
6616297
6616422
6616897
6617634
6618438
6618642
6619521
6620256
6621179
6622175
6622873
6623035
6623570
6624259
6624953
6625660
6625726
6625897
6626419
6626799
6627359
6627686
6628115
6628177
6628740
6628892
6629186
6629748
6630299
6631132
6631996
6632269
6633053
6633174
6633986
6634603
6635065
6635951
6636548
6636777
6637739
6638295
6638494
6639040
6639711
6640677
6640746
6640824
6641717
6641892
6642803
6643228
6643942
6644850
6645011
6645179
6645876
6646290
6646465
6647118
6648028
6648345
6648530
6648620
6648753
6649179
6649557
6649972
6650849
6650926
6651171
6651352
6651927
6652220
6652638
6652643
6652771
6653655
6654046
6654643
6654727
6654944
6655614
6655990
6656912
6657352
6657911
6658788
6659749
6660394
6661315
6661363
6662074
6663019
6663338
6663983
6664354
6664464
6664877
6665123
6665712
6666367
6666568
6667384
6668314
6669045
6669895
6670316
6670806
6670962
6671003
6671816
6671840
6672418
6672987
6673681
6674329
6675138
6675306
6675999
6676866
6677367
6677821
6678054
6678210
6678407
6678877
6679507
6680481
6681254
6681889
6681907
6682378
6682524
6682533
6682962
6682979
6683833
6684280
6684472
6685062
6685201
6685588
6686393
6686997
6687106
6687131
6687265
6687641
6688267
6689265
6689827
6690770
6691490
6691869
6691957
6692158
6693126
6693786
6694519
6694781
6695002
6695449
6696167
6696689
6696712
6697055
6697934
6698504
6698645
6699322
6700117
6700480
6701457
6701561
6702290
6702405
6703055
6703685
6703733
6703906
6704242
6704497
6704846
6705622
6705696
6705772
6706523
6707291
6708212
6708441
6708491
6708686
6709401
6710331
6710701
6711393
6712063
6712346
6712928
6713694
6713841
6714405
6714641
6715591
6715794
6715993
6716960
6717577
6718227
6719201
6719752
6720091
6720703
6721263
6722189
6723155
6723254
6724196
6724645
6725593
6726185
6726297
6726946
6727858
6728485
6729086
6729735
6729782
6730517
6730554
6730999
6731366
6731414
6731696
6731723
6732496
6732516
6732916
6733489
6734364
6734474
6734609
6734727
6735675
6736353
6737065
6737648
6737803
6737807
6738211
6738805
6739533
6740368
6741002
6741177
6741213
6742129
6742453
6742776
6743379
6743930
6744850
6745732
6746346
6746875
6747060
6747351
6747681
6748215
6748369
6749316
6750016
6750386
6750961
6751800
6752258
6753252
6753953
6754187
6755103
6755121
6755616
6755660
6755991
6756434
6757152
6757684
6758099
6758207
6759199
6760056
6760752
6760829
6761799
6762123
6762313
6762566
6763070
6763490
6763983
6764404
6764657
6765278
6766128
6766586
6767481
6767840
6768101
6768897
6769615
6769657
6769873
6769963
6770370
6770956
6771013
6771890
6772442
6772613
6773425
6774078
6774955
6775178
6775721
6776019
6776271
6776894
6777294
6777545
6778194
6778399
6778889
6779171
6779912
6780407
6781173
6782047
6782241
6783115
6783664
6784023
6784295
6784914
6785305
6786256
6786898
6787504
6788175
6788560
6788828
6789142
6789844
6790178
6790787
6791628
6792173
6792203
6792282
6792835
6793041
6793313
6794273
6794283
6794430
6794943
6795495
6796429
6796778
6797690
6798510
6798694
6799377
6800055
6800677
6801130
6801512
6801770
6802603
6803196
6803852
6804498
6805451
6805466
6806450
6806786
6807290
6807447
6808120
6809021
6809971
6810707
6811502
6812143
6812811
6813088
6813488
6813750
6814223
6815101
6815500
6816208
6816465
6817224
6817790
6817875
6818506
6818530
6819243
6819399
6819859
6820147
6820345
6820832
6821730
6822291
6822611
6823556
6823583
6824395
6824404
6824800
6825061
6825510
6826473
6826558
6826947
6826990
6827000
6827345
6827399
6827519
6828304
6829259
6829453
6830402
6830791
6830986
6831436
6832336
6833041
6833522
6833967
6834485
6834927
6835590
6836128
6836437
6837181
6837289
6838247
6838702
6838938
6839600
6840470
6840474
6840921
6841730
6842527
6843008
6843704
6844293
6844307
6844675
6844777
6845118
6845621
6845865
6846159
6847109
6847281
6847407
6847903
6848030
6848138
6848667
6849618
6850362
6850369
6850669
6851216
6851296
6851595
6852498
6852885
6853485
6854369
6854493
6854579
6854769
6855271
6855852
6856250
6857219
6857423
6857539
6858006
6858083
6858500
6858602
6858762
6859057
6859073
6859868
6860804
6861637
6862597
6862707
6863262
6863603
6863656
6864360
6865162
6865659
6866594
6867211
6867502
6867614
6868595
6869097
6869554
6869934
6870093
6870197
6870645
6871236
6871964
6872491
6873415
6874407
6874470
6875345
6875672
6876578
6876719
6876971
6877036
6877541
6878508
6879063
6879704
6880479
6881049
6881794
6881931
6882729
6883508
6884410
6884444
6885032
6885858
6886214
6886310
6887225
6887870
6888650
6888787
6889699
6890046
6890391
6890496
6890929
6891115
6891678
6891957
6892136
6892513
6893410
6893766
6894450
6895003
6895789
6895934
6896360
6897222
6897905
6898715
6899129
6900096
6900746
6901559
6902385
6902878
6903214
6903380
6904087
6904866
6905279
6905540
6905901
6906017
6906170
6906328
6906951
6907401
6907609
6908198
6908205
6908672
6909631
6910053
6910936
6911482
6911833
6911869
6911909
6912121
6912792
6912845
6913808
6914778
6915502
6916448
6917145
6917678
6917957
6918897
6919748
6920145
6920717
6921117
6922082
6922718
6923713
6924282
6924682
6925311
6925833
6926809
6927464
6927559
6928362
6929310
6929319
6929548
6930478
6930759
6930902
6931203
6931329
6931825
6931934
6932294
6932593
6932984
6933376
6933584
6934045
6934135
6934306
6934574
6935313
6935923
6936818
6937377
6937834
6938081
6938632
6939415
6940051
6940463
6941153
6941848
6942247
6943115
6943283
6944059
6944996
6945465
6946069
6947068
6947866
6948416
6948688
6948765
6949057
6949663
6950001
6950606
6950783
6950976
6951144
6951577
6952383
6952770
6953127
6953321
6953374
6953825
6954598
6955281
6956011
6956372
6957037
6957752
6958558
6958973
6959934
6960365
6960589
6961206
6961477
6962470
6962957
6963129
6963600
6963789
6964128
6964947
6965214
6966065
6966975
6967922
6968528
6968971
6969215
6969472
6970362
6970375
6970887
6971861
6972585
6973071
6973767
6974688
6974958
6975395
6976281
6976838
6977109
6977987
6978633
6979540
6979921
6980482
6981405
6981581
6982528
6983162
6984078
6984247
6985102
6985337
6985521
6986444
6987218
6988001
6988756
6988979
6989450
6989999
6990525
6991473
6992393
6992643
6993536
6994322
6994619
6995185
6996088
6996122
6996425
6997208
6997756
6998146
6998351
6998354
6998921
6998967
6999488
6999557
6999868
7000124
7000222
7000566
7000686
7001176
7001478
7002252
7002400
7002888
7003570
7004234
7004320
7005042
7005394
7006093
7007081
7007212
7007880
7008017
7008896
7009277
7010009
7010891
7011757
7011830
7012517
7013312
7014030
7014801
7015017
7015727
7016429
7016832
7017071
7017341
7018192
7018768
7018899
7019303
7019787
7020311
7020730
7021145
7021498
7022138
7022835
7023662
7023700
7024207
7024223
7024660
7025038
7025422
7025612
7026542
7027067
7027283
7027761
7027809
7028612
7029120
7029177
7029554
7029827
7030800
7031762
7032445
7032929
7033012
7033861
7034273
7035273
7035538
7036192
7036548
7037510
7037827
7038357
7038583
7038959
7039820
7040577
7040789
7041544
7042323
7042656
7042974
7043188
7043497
7044242
7044877
7044976
7045060
7045661
7046638
7047106
7047149
7047291
7047671
7048349
7048363
7048707
7049662
7050320
7050925
7051362
7051476
7052207
7053041
7054009
7054217
7054903
7055155
7055827
7056770
7057521
7058366
7058988
7059482
7060123
7060768
7061238
7061413
7061752
7061966
7062280
7063197
7063861
7064539
7065428
7066348
7066524
7066674
7067223
7067586
7068104
7068907
7069461
7069612
7069954
7070174
7070762
7071143
7071484
7072021
7072970
7073817
7074230
7074889
7075115
7075738
7076159
7076808
7077548
7077582
7078127
7078296
7078913
7079358
7079650
7080171
7080621
7080674
7081619
7081668
7081701
7082237
7082941
7083250
7083676
7084625
7084917
7085389
7085541
7085963
7086021
7086110
7086944
7087746
7088012
7088480
7088985
7088991
7089443
7089710
7090210
7090738
7091149
7091665
7092484
7092833
7093019
7093129
7093988
7094810
7095580
7096115
7096552
7096845
7097349
7097762
7097905
7098009
7098243
7098521
7098852
7099801
7100298
7100617
7101593
7102049
7102384
7103200
7103379
7104204
7104220
7104664
7105266
7105944
7106493
7106999
7107125
7107314
7107805
7107882
7108645
7108828
7109441
7109772
7110424
7110948
7111601
7112143
7112441
7113294
7113619
7114021
7114794
7114968
7115904
7116455
7116486
7116579
7117119
7117482
7117497
7117868
7118799
7118834
7119640
7119966
7120899
7121658
7122402
7123401
7123689
7124643
7125257
7125415
7125930
7126079
7126416
7126583
7127250
7127703
7128507
7129301
7129819
7130146
7130646
7131261
7131933
7132361
7133104
7134103
7134578
7134612
7135262
7135390
7135452
7135845
7136097
7136675
7137200
7137526
7138117
7139012
7139811
7140111
7140677
7141048
7141837
7142453
7143112
7143900
7144115
7144980
7145406
7145493
7146053
7146275
7147128
7147732
7148268
7148459
7149114
7149620
7149637
7150383
7150907
7151162
7151467
7151953
7152049
7152172
7153069
7153828
7154470
7154812
7155675
7156585
7157580
7157799
7158561
7158690
7159517
7159574
7160343
7161298
7162082
7162693
7163301
7163865
7164434
7165275
7165815
7166464
7166507
7166841
7167513
7167598
7168477
7168530
7169307
7169618
7169685
7169988
7170508
7171045
7171936
7172393
7172617
7172701
7172925
7173576
7173803
7174438
7175281
7175688
7176053
7176651
7177388
7177450
7178413
7179327
7179974
7180716
7181634
7181889
7182473
7182722
7183438
7183746
7184417
7185195
7185226
7186169
7186612
7187063
7187125
7187650
7188187
7188420
7188485
7188812
7189199
7189724
7190064
7190982
7191597
7192502
7193308
7193945
7194915
7194989
7195337
7196155
7196246
7197109
7197774
7198100
7198486
7198752
7199706
7200349
7201090
7202006
7202419
7202866
7203486
7203770
7203963
7204356
7204701
7205541
7205602
7206107
7207104
7207740
7208267
7208389
7208791
7209791
7210431
7211110
7211554
7211634
7211972
7212570
7213000
7213214
7214066
7214646
7215432
7216169
7216308
7216580
7216859
7217282
7217869
7218340
7218452
7219346
7219645
7219976
7220688
7221102
7221394
7221524
7221537
7222381
7223202
7223658
7223995
7224539
7225463
7225849
7226475
7226750
7226950
7227612
7228191
7229007
7229024
7229430
7229862
7230476
7231083
7231692
7232394
7233184
7233411
7233986
7234035
7234091
7234102
7234611
7235313
7235623
7236590
7236620
7237409
7237617
7238202
7238789
7239183
7239580
7239824
7240067
7240880
7241634
7242280
7242284
7242508
7243433
7244326
7244622
7245500
7246393
7247292
7247391
7248198
7248881
7249310
7249534
7250151
7250397
7250804
7251085
7251618
7252034
7252718
7253035
7253344
7253514
7254388
7254759
7254991
7255421
7255434
7255470
7255841
7256206
7257003
7257951
7258095
7258318
7258670
7258795
7258959
7259674
7260306
7261116
7261527
7262396
7262620
7262726
7263505
7263867
7264837
7264985
7265975
7266938
7267648
7268046
7268116
7268446
7269142
7269196
7269248
7269770
7269835
7270283
7271164
7272028
7272757
7273200
7274087
7274568
7274648
7275043
7275938
7276221
7276339
7277158
7277942
7278817
7279723
7280164
7281110
7281878
7282470
7283340
7283800
7284665
7284711
7285119
7285774
7286174
7287053
7287867
7288394
7288692
7288765
7289407
7290057
7290241
7291171
7291719
7291859
7292641
7292861
7293159
7293441
7294016
7294270
7294978
7295824
7296715
7297329
7297525
7297949
7298205
7298314
7298599
7299529
7299724
7300713
7300729
7301547
7301868
7302656
7303144
7303747
7304013
7304882
7305479
7305689
7306165
7306334
7306935
7307881
7308240
7308541
7308706
7309255
7309549
7310138
7311023
7311635
7311974
7312536
7313300
7314087
7314771
7315161
7315432
7315622
7316411
7317123
7317579
7317775
7318689
7319419
7320239
7321234
7321966
7322662
7322678
7323385
7324042
7324540
7324910
7325633
7325646
7325896
7325962
7326918
7327862
7328598
7329235
7329841
7329945
7330349
7330829
7331588
7331612
7332314
7333234
7334111
7334709
7335117
7335539
7336304
7337017
7337422
7337454
7338083
7338565
7338735
7339552
7340151
7340725
7340904
7341860
7342701
7342893
7342935
7343709
7344143
7344468
7344784
7345030
7345083
7345159
7346009
7346102
7346613
7346863
7346924
7347896
7347927
7348703
7348843
7348952
7349202
7349279
7349885
7349895
7350504
7350722
7351159
7351634
7352408
7353327
7353365
7353398
7354324
7354772
7355412
7355979
7356961
7357889
7358376
7358928
7359210
7359372
7359741
7360430
7361294
7361607
7362129
7362508
7362929
7363128
7363915
7364739
7365173
7365243
7365950
7366715
7367302
7367334
7367499
7367715
7368604
7369446
7369919
7370054
7370093
7370910
7371077
7371140
7371751
7372245
7373235
7373338
7373628
7374216
7375044
7375132
7375840
7376757
7376904
7377200
7377897
7377955
7378009
7378585
7378718
7378932
7379532
7380388
7381130
7382005
7382986
7383936
7384699
7384970
7385634
7386075
7386765
7387000
7387651
7387698
7387844
7388303
7389072
7390000
7390210
7390894
7391429
7392275
7392518
7393137
7393194
7393864
7394750
7395620
7396140
7396971
7397759
7398656
7398658
7399483
7399701
7400013
7400335
7401072
7401586
7401627
7401967
7401986
7402911
7403298
7403697
7404171
7404438
7404538
7404689
7404927
7405217
7405344
7405710
7406160
7406840
7407594
7408208
7408331
7409149
7409461
7409525
7410419
7411171
7412004
7412657
7413450
7413683
7414510
7415339
7416174
7416312
7416344
7416758
7416928
7417272
7417788
7418710
7419566
7419787
7420371
7420775
7421562
7422281
7422563
7423105
7423767
7424299
7424852
7424998
7425463
7426161
7426360
7427279
7427482
7428459
7428905
7429173
7429265
7430000
7430606
7430847
7431287
7431558
7431875
7431976
7432234
7432947
7433144
7433250
7433414
7434247
7435006
7435909
7436143
7437051
7437329
7437505
7437975
7438267
7439259
7439521
7440202
7440884
7441249
7441386
7442325
7442439
7442651
7442844
7443742
7443991
7444821
7444943
7445558
7445902
7446866
7447382
7447785
7447967
7448251
7449200
7449535
7449982
7450964
7451597
7452537
7452834
7453519
7453814
7454513
7454784
7455583
7456384
7457128
7457473
7458033
7458792
7459699
7459879
7460041
7460186
7460687
7460692
7460901
7461816
7461820
7462457
7462745
7463636
7464580
7465342
7466115
7466403
7466412
7466455
7467383
7467618
7468318
7469050
7469248
7469891
7470320
7471238
7471732
7472360
7472811
7472840
7473218
7473488
7474272
7474478
7475088
7475312
7475333
7475472
7475920
7476251
7476489
7476557
7477187
7477490
7477499
7478294
7478645
7479583
7480081
7480592
7481385
7482087
7482505
7482830
7482890
7483065
7484047
7484566
7485283
7485867
7486378
7486960
7487425
7488400
7488660
7488678
7488785
7489524
7489676
7490226
7490494
7491364
7491959
7492556
7493553
7494186
7494289
7495185
7495819
7496454
7497021
7497578
7497708
7498649
7498886
7499563
7500416
7500876
7501023
7501459
7501701
7502203
7502626
7503491
7504311
7504968
7505571
7506226
7506270
7507262
7507950
7508563
7509349
7510298
7510541
7511465
7511572
7512393
7512722
7513149
7513221
7513308
7514194
7514276
7514293
7515247
7515699
7516224
7516963
7517546
7517712
7518360
7518952
7519669
7519977
7520744
7521191
7521921
7522698
7523038
7523068
7523516
7524368
7525010
7525957
7526912
7527683
7527864
7528562
7528875
7529446
7529478
7529609
7530329
7530693
7530849
7531465
7531806
7532655
7533522
7533727
7533806
7534723
7535184
7536011
7536051
7536073
7536143
7536785
7537261
7537738
7538116
7538160
7539149
7539547
7540172
7540407
7540651
7540786
7540849
7541033
7541305
7542132
7542558
7542571
7542705
7543222
7544095
7544448
7544600
7544751
7544858
7545740
7546651
7546786
7547738
7548269
7548660
7549476
7550384
7551318
7552020
7552559
7552781
7553618
7553811
7554800
7554943
7555265
7556005
7556926
7557298
7557504
7558291
7558974
7559908
7560160
7560652
7561101
7561794
7562317
7562466
7563183
7563673
7563998
7564369
7564865
7564998
7565852
7566299
7566393
7567238
7567666
7567894
7568024
7568507
7569240
7569845
7570435
7571255
7571400
7571775
7572326
7572940
7573172
7573952
7574853
7574949
7575178
7575380
7576080
7576120
7577063
7577186
7577571
7578356
7579341
7579390
7580288
7580754
7581452
7582308
7582597
7583473
7584120
7584197
7585142
7586120
7586778
7586979
7587180
7587827
7588729
7589359
7589907
7590056
7590655
7590759
7591018
7591564
7592035
7592436
7593341
7593994
7594741
7594795
7595698
7596003
7596847
7597192
7597690
7598374
7599082
7599206
7599329
7599619
7599705
7600380
7601347
7601502
7602337
7603260
7603699
7603727
7603729
7603782
7603920
7604233
7604809
7605045
7605231
7606113
7606904
7607256
7608252
7608549
7609500
7610137
7610267
7610861
7611036
7611676
7611811
7612124
7612828
7613345
7614285
7615064
7615572
7615831
7615894
7616819
7616957
7617061
7617772
7618320
7619283
7620161
7620813
7621508
7622424
7623014
7623744
7624352
7624512
7625128
7626022
7626379
7626507
7627333
7627672
7628122
7628668
7629042
7630023
7630219
7631008
7631134
7631458
7631943
7632057
7632417
7633223
7633540
7633714
7633975
7634720
7635407
7636048
7636497
7636831
7636905
7637891
7638326
7639004
7639589
7640499
7641026
7641179
7641267
7641891
7642475
7643126
7643808
7644728
7645342
7645722
7646486
7646609
7647124
7647884
7648721
7649275
7649442
7650023
7650579
7651363
7651777
7652212
7653111
7653983
7654190
7654906
7655586
7656079
7656344
7656808
7656919
7657615
7658011
7658298
7658560
7659534
7659771
7660633
7661163
7661873
7661998
7662395
7662956
7663838
7664819
7665383
7665509
7666198
7666696
7667217
7668036
7668890
7669013
7669814
7670310
7670403
7670658
7670874
7671291
7672159
7673130
7673320
7673976
7674126
7674395
7674464
7675191
7675420
7675918
7676782
7677099
7677405
7677457
7678304
7678964
7678981
7679855
7679872
7680764
7681408
7681999
7682991
7683986
7684731
7685377
7685634
7686208
7686804
7687596
7687765
7688484
7688505
7688951
7689614
7690353
7691289
7692031
7692443
7693057
7693969
7694806
7695704
7695895
7696529
7696733
7697247
7698050
7698326
7698468
7698947
7699166
7699404
7699729
7700503
7700781
7701761
7701956
7702867
7703371
7703384
7703880
7704012
7704450
7704780
7704925
7705222
7706083
7706472
7706580
7707305
7707581
7708044
7708448
7709428
7710235
7710928
7711729
7712090
7712632
7712764
7713218
7713516
7713970
7714283
7715234
7715715
7716412
7717085
7717471
7718231
7718972
7719804
7720712
7721314
7721731
7722436
7722897
7723759
7724249
7725157
7725811
7726226
7726394
7726812
7727016
7727773
7728608
7728954
7729921
7730506
7730686
7731520
7731889
7732261
7732820
7733018
7733697
7733823
7734203
7734867
7735467
7735656
7735660
7736009
7736993
7737437
7737993
7738796
7739359
7739461
7739694
7740633
7741505
7742140
7742619
7742659
7742790
7742827
7742936
7743130
7743777
7744129
7744835
7745636
7746217
7747125
7747588
7748124
7748167
7748386
7748413
7748749
7749232
7750058
7750366
7750832
7751243
7752062
7752497
7753257
7753459
7753492
7754275
7755141
7755494
7755735
7756698
7757433
7758327
7758847
7758915
7759558
7759575
7759761
7759779
7760028
7760511
7760715
7761484
7761561
7762543
7762563
7763323
7763668
7763743
7764641
7765098
7765144
7765472
7765486
7766115
7766427
7767029
7767378
7768371
7768985
7769555
7770396
7770845
7771185
7772130
7772858
7773501
7774024
7774176
7774561
7774880
7775178
7775987
7776046
7777029
7777237
7777288
7777647
7778426
7778608
7778881
7779319
7780110
7780565
7781350
7782267
7782675
7783555
7784446
7785203
7785244
7785913
7786106
7786510
7787190
7787833
7788588
7789017
7789149
7789404
7789782
7790019
7790213
7790904
7791483
7791642
7791880
7792149
7792180
7792602
7792863
7793107
7793678
7794490
7794832
7794964
7795014
7796008
7796564
7796593
7796913
7797676
7798309
7798704
7799049
7799699
7799804
7800210
7800589
7800929
7801382
7802004
7802231
7802756
7803560
7803596
7803841
7803941
7804818
7805444
7806124
7806264
7807113
7807583
7808079
7808876
7808975
7809357
7809420
7809969
7810562
7811324
7812198
7812302
7813237
7813853
7814458
7815257
7815604
7816533
7816587
7817420
7818311
7819002
7819971
7820611
7820629
7820676
7820684
7820990
7821877
7822827
7822945
7823875
7824224
7824405
7825319
7825483
7826383
7826931
7827483
7828207
7828550
7829381
7830128
7830820
7831569
7831693
7832283
7832472
7832904
7833351
7834105
7835053
7835625
7836473
7836722
7836881
7837382
7838239
7839019
7839072
7839446
7840203
7840866
7841510
7842154
7843098
7843853
7844607
7845309
7845751
7846650
7847449
7847827
7848157
7848647
7848707
7849652
7849930
7850821
7851715
7852172
7852991
7853866
7854306
7854503
7854674
7855032
7855534
7856466
7857222
7857885
7857928
7858697
7859197
7859548
7860135
7860304
7860408
7860456
7861261
7861631
7862467
7862955
7863945
7864493
7865448
7866019
7866261
7866620
7866810
7867024
7867248
7868214
7869100
7869696
7870252
7871134
7871357
7871804
7872278
7872864
7873117
7873939
7874886
7875666
7876523
7876554
7877432
7878412
7879315
7880207
7881048
7881278
7881364
7881888
7882509
7882841
7883727
7884620
7884863
7885463
7885579
7885723
7886466
7887008
7887448
7887526
7888409
7889313
7890109
7890814
7891760
7892418
7892993
7893212
7893329
7893344
7893886
7894097
7894789
7895714
7896407
7896670
7897126
7897424
7897798
7898792
7899672
7900035
7901011
7901235
7902232
7902562
7902767
7903641
7904111
7904221
7904301
7904706
7905046
7905825
7905973
7906948
7907133
7907332
7908279
7908462
7909118
7909986
7910394
7911001
7911792
7912467
7912668
7912987
7913895
7914749
7915437
7915883
7916051
7916497
7916695
7917216
7918145
7918717
7919425
7920042
7920496
7921197
7921947
7921954
7922889
7923026
7923897
7924810
7925587
7926306
7926385
7926643
7926995
7927186
7927525
7927538
7928493
7928862
7929296
7929618
7929747
7930633
7931600
7932217
7932640
7933274
7933511
7934406
7934988
7935615
7935661
7936274
7936765
7937095
7937825
7938781
7938899
7939300
7939972
7940626
7941431
7941720
7942262
7942451
7943227
7943658
7943753
7944730
7944837
7945022
7945588
7946148
7946286
7946672
7947160
7947728
7948462
7948595
7949180
7949482
7950382
7951359
7951691
7951841
7952514
7952980
7953748
7953770
7954232
7954616
7955511
7956066
7956763
7957543
7958061
7958902
7959247
7960025
7960866
7961859
7962399
7962660
7963448
7963845
7963907
7964393
7964869
7964974
7965817
7965980
7966202
7967188
7968005
7968376
7969131
7969959
7970916
7971308
7971825
7972136
7972799
7972873
7973389
7974113
7974403
7974415
7975279
7975637
7976505
7977152
7977375
7978331
7978623
7979216
7979979
7980619
7980808
7981743
7981832
7982019
7983009
7983673
7983852
7984152
7984314
7985224
7985963
7986290
7986316
7987007
7987891
7988844
7989106
7989637
7989967
7990433
7991178
7991243
7991350
7991400
7992023
7992141
7992378
7992575
7993515
7993782
7994476
7994700
7995309
7995425
7996065
7996088
7996392
7996722
7997043
7998043
7998938
7999154
7999716
8000097
8000371
8000909
8001242
8001420
8002183
8002454
8003149
8003911
8004175
8004472
8005367
8005491
8006319
8006359
8006924
8007796
8008223
8009206
8009567
8010463
8010679
8011194
8011912
8012823
8012874
8013736
8014386
8015318
8015528
8015858
8016430
8016959
8017463
8018190
8018966
8019052
8019838
8019897
8020331
8021000
8021572
8022505
8023466
8023779
8024000
8024516
8024711
8024976
8025742
8026191
8026764
8027677
8028533
8029199
8029364
8030124
8030944
8031366
8031494
8032396
8033017
8033780
8034332
8035266
8035992
8036358
8036979
8037081
8037345
8037824
8037911
8038280
8038830
8039522
8039847
8040131
8040686
8041092
8041782
8042317
8042984
8043370
8043537
8044298
8045055
8045714
8046387
8047226
8047789
8047806
8048073
8048437
8049369
8049902
8049951
8050761
8051142
8051169
8051757
8052612
8053508
8053602
8053603
8053890
8054253
8054458
8054822
8054987
8055329
8056210
8056416
8056831
8057563
8058156
8058391
8058627
8059224
8060016
8060194
8060261
8060954
8061736
8062276
8062523
8062736
8063459
8063896
8063914
8064558
8065073
8065977
8066505
8067323
8068159
8068798
8069372
8069757
8070637
8071036
8071588
8071884
8072393
8072890
8073572
8074384
8075236
8075869
8076209
8076507
8077320
8077534
8078124
8078973
8079495
8079657
8079771
8080326
8081081
8081156
8081797
8082565
8082911
8083433
8084260
8085238
8085916
8086513
8087410
8088364
8089026
8089878
8090595
8090989
8091615
8092386
8092571
8092857
8093715
8094151
8094512
8094603
8094701
8095421
8096253
8096555
8096870
8097550
8097847
8098521
8099046
8099065
8099696
8100502
8101260
8102045
8102995
8103983
8104654
8105359
8105493
8105749
8106485
8106871
8107508
8108469
8108966
8109162
8109386
8110137
8111115
8111944
8112641
8112960
8113674
8114225
8114895
8115522
8116212
8116737
8117400
8118399
8118699
8118923
8119352
8119995
8120217
8121128
8121764
8122606
8123427
8123624
8124240
8124394
8124696
8124801
8125156
8125869
8125953
8126824
8127630
8127749
8128206
8128753
8129450
8130147
8130469
8130781
8130874
8131082
8131197
8131521
8131819
8131965
8132008
8132144
8133101
8133614
8134572
8135566
8136306
8136892
8137453
8137835
8138766
8139547
8139761
8140305
8140323
8140932
8141128
8142086
8142630
8143450
8144170
8144714
8145257
8146011
8146538
8147271
8147592
8148502
8149321
8149749
8150476
8150974
8151874
8152344
8152456
8152622
8152771
8153614
8154369
8154459
8154591
8154811
8155370
8155445
8156062
8156978
8157461
8158240
8158535
8159019
8159031
8159188
8159969
8160448
8160874
8161373
8161967
8162171
8163157
8163383
8164056
8164886
8165654
8165787
8166442
8166875
8167757
8168501
8168934
8169786
8170247
8170601
8170805
8171259
8171947
8172447
8173433
8173901
8174039
8174651
8174901
8175444
8176060
8176395
8176811
8177381
8178099
8178521
8178565
8179178
8179751
8180696
8181553
8182083
8182500
8182803
8183256
8183682
8184102
8184286
8184321
8185061
8185407
8185851
8185875
8186534
8187488
8187815
8188606
8189532
8190045
8190171
8190238
8190613
8191589
8191720
8191934
8192367
8193084
8193169
8193885
8194346
8195046
8195866
8196145
8196661
8197159
8197833
8197871
8198257
8198305
8198866
8198915
8199869
8200446
8200957
8201154
8201326
8201637
8202395
8203012
8203403
8204034
8204153
8204254
8204701
8205580
8206063
8206617
8206903
8206992
8207012
8207721
8208056
8208524
8209099
8209139
8209666
8209831
8210340
8210502
8210783
8211072
8211478
8212357
8213310
8213388
8213501
8214299
8214765
8215699
8215742
8215865
8216825
8217294
8217620
8218450
8219032
8219752
8220584
8221221
8221236
8221357
8222109
8222407
8222436
8223288
8224002
8224489
8224492
8224963
8225633
8225641
8226444
8227041
8227377
8227479
8227705
8227945
8228093
8228463
8229230
8229915
8230003
8230356
8230403
8231301
8232051
8232917
8233060
8233805
8234263
8235071
8235404
8236276
8236423
8236583
8237121
8237230
8238081
8238182
8238546
8239172
8239967
8240962
8241226
8241261
8241581
8241944
8242077
8242301
8242906
8243249
8243821
8244284
8245155
8245486
8245519
8245919
8246170
8246301
8246404
8247252
8247597
8247856
8247870
8248733
8249408
8250339
8250790
8250966
8251531
8251649
8252039
8252086
8252092
8252233
8253123
8253217
8253306
8253318
8253896
8254284
8255017
8255936
8256076
8256192
8256428
8257299
8257301
8258117
8258245
8258384
8259242
8259962
8260961
8261478
8261760
8262297
8263279
8263681
8264041
8264431
8265343
8266301
8266960
8267448
8268401
8268926
8269383
8270113
8270554
8271493
8271805
8272045
8272599
8273314
8273429
8273855
8273974
8274872
8275499
8276304
8277233
8277868
8277917
8278344
8278604
8279274
8279322
8279812
8280672
8281025
8281138
8281825
8282477
8282665
8283141
8283917
8284177
8284830
8284993
8285705
8286120
8286392
8286768
8286957
8287784
8288403
8288570
8288855
8289257
8290113
8290532
8290616
8291391
8291947
8292408
8292686
8293595
8293828
8294056
8294339
8294817
8295784
8296655
8296743
8297570
8298195
8298783
8299149
8299389
8299728
8299894
8300360
8301095
8302011
8302401
8303058
8303318
8304178
8304778
8305420
8305924
8306688
8306777
8306781
8307716
8307745
8308658
8308755
8309482
8309680
8310548
8310576
8311002
8311883
8312117
8312565
8312967
8313255
8313618
8313821
8313853
8314655
8314700
8314763
8315454
8316408
8316757
8317617
8317783
8318588
8318606
8318656
8319290
8319876
8320656
8321370
8322249
8323117
8323271
8324070
8324783
8325274
8325913
8325955
8326427
8326566
8326607
8327462
8328144
8329087
8329343
8330316
8330814
8331211
8331822
8332525
8333245
8333271
8333585
8334566
8335246
8335299
8336230
8337153
8337333
8338151
8338545
8339385
8339487
8340008
8340578
8341113
8341247
8341811
8342302
8342843
8343006
8343009
8343601
8344153
8345066
8345561
8345739
8345963
8346512
8346558
8347111
8347349
8348325
8348402
8349396
8350250
8350804
8350978
8351097
8351757
8352318
8353034
8353896
8354551
8355297
8355499
8356253
8356414
8356787
8357509
8358349
8359283
8360190
8360261
8360801
8361518
8361953
8362715
8362783
8362969
8363845
8364553
8364928
8365063
8365329
8365486
8366350
8366375
8366902
8367619
8368600
8369561
8370007
8370838
8371819
8372267
8372408
8373346
8374153
8374865
8375606
8375623
8376474
8377302
8377509
8378128
8378460
8379366
8379903
8380180
8380600
8381393
8381499
8382433
8383218
8384071
8384413
8385141
8385530
8386120
8386458
8387187
8387822
8388479
8389220
8390099
8390588
8390664
8390755
8390848
8391425
8391922
8392878
8393235
8393680
8394539
8395396
8395943
8396871
8397518
8398344
8399303
8399791
8400041
8400339
8400528
8401384
8401897
8401944
8402072
8402178
8402592
8403141
8403359
8403734
8403747
8404130
8404324
8404411
8404739
8404870
8405126
8405942
8406387
8407088
8408011
8408849
8409598
8410087
8411014
8412011
8412806
8413606
8414349
8415114
8415494
8415736
8416121
8416481
8417034
8417058
8418034
8418064
8419028
8420015
8420179
8421128
8421866
8422848
8423281
8423757
8424420
8424881
8425482
8425998
8426568
8426711
8426755
8427305
8427681
8428033
8428140
8428164
8428284
8428415
8428727
8429341
8430148
8430602
8431597
8432368
8433367
8434202
8434736
8435040
8435195
8435422
8436275
8436733
8437271
8438245
8438345
8439112
8439169
8439620
8439954
8440289
8440489
8440716
8440911
8441148
8441346
8442182
8443167
8443369
8444287
8445240
8446150
8446983
8447659
8448209
8448352
8448637
8449625
8450287
8450765
8451594
8452521
8452818
8453179
8453522
8453813
8454400
8454412
8454814
8455066
8455406
8456374
8457044
8457842
8458820
8459235
8459815
8460074
8460833
8461407
8461571
8462422
8462755
8463142
8463345
8463663
8463684
8464466
8465455
8466287
8467103
8467883
8468278
8469252
8469757
8470165
8471068
8471934
8472786
8473733
8474345
8475169
8475752
8476702
8477281
8478267
8478508
8478543
8479242
8479377
8479940
8479966
8480196
8480285
8480599
8481578
8482173
8483084
8483243
8483269
8483540
8484345
8484369
8484940
8485377
8485937
8486510
8487206
8487499
8488069
8488582
8489297
8489705
8490517
8491479
8491819
8492087
8492470
8493278
8493496
8493574
8494560
8494644
8495498
8495767
8496557
8497108
8497415
8498076
8498603
8499416
8500409
8501117
8501943
8502619
8503427
8504227
8504240
8504754
8504773
8505186
8505731
8506474
8506603
8507226
8508075
8508694
8509112
8509239
8510213
8510924
8511137
8511240
8512181
8513130
8513416
8514137
8514308
8514610
8515258
8515267
8515533
8515569
8516335
8517093
8517613
8517620
8518202
8518339
8518494
8519035
8519290
8520159
8520949
8521755
8522288
8522532
8523488
8523719
8524140
8524311
8524445
8524625
8525312
8526128
8526729
8527619
8528387
8529265
8529656
8529744
8530374
8531085
8531952
8531962
8532109
8532619
8533596
8533968
8534071
8534913
8534951
8535232
8536205
8536639
8537096
8537440
8537754
8537890
8538306
8538348
8539113
8540054
8540936
8541413
8542289
8542375
8542725
8543676
8543834
8544465
8544705
8545409
8546155
8546222
8547133
8547678
8547681
8548461
8549120
8549144
8549412
8549997
8550125
8550704
8550838
8551691
8551899
8552152
8552512
8552769
8553345
8553977
8554439
8554789
8555112
8555801
8556631
8557021
8557156
8557217
8557378
8557404
8557618
8558091
8558694
8559029
8559565
8560471
8560994
8561906
8562248
8562783
8563261
8563654
8564429
8564610
8565423
8565727
8566071
8566094
8566973
8567070
8567661
8568562
8568617
8569225
8569467
8569864
8570609
8570831
8571547
8572160
8572805
8573403
8574266
8574508
8574879
8575535
8576511
8577310
8577628
8577930
8578660
8579108
8580023
8580065
8580220
8580289
8580864
8581006
8581883
8582409
8582456
8582569
8582752
8582816
8583252
8583566
8583984
8584980
8585073
8585212
8585374
8585676
8585873
8586603
8587494
8588375
8588905
8589439
8590250
8590408
8590736
8591281
8591986
8592564
8592932
8593075
8594062
8594076
8594529
8594702
8595524
8596127
8596473
8596663
8597229
8597761
8598176
8598976
8599783
8599841
8600079
8601060
8601767
8601946
8602086
8602515
8602766
8602952
8603103
8603378
8603918
8603960
8604292
8605011
8605209
8605712
8606120
8606725
8607422
8607715
8608043
8608447
8608990
8609910
8610228
8610788
8611744
8611752
8611916
8612275
8612741
8613472
8614200
8614953
8615873
8616221
8617059
8617586
8618024
8618964
8619856
8620657
8621520
8621698
8622332
8623113
8623384
8624012
8625004
8625068
8625192
8626003
8626107
8626621
8627352
8628187
8628625
8629412
8630274
8630855
8631328
8631572
8631595
8632388
8633198
8634007
8634322
8634901
8635700
8636550
8637215
8638097
8638264
8639021
8639422
8639949
8640490
8640855
8641141
8641678
8641967
8642296
8642312
8642413
8642648
8643304
8643932
8644146
8644169
8644255
8645166
8645218
8645883
8646741
8647208
8647857
8648636
8648707
8649076
8649902
8650368
8651060
8651889
8652032
8652432
8652675
8653319
8653666
8653780
8653984
8654278
8654351
8654852
8655177
8655469
8655614
8655843
8656766
8657324
8657479
8657660
8657761
8658318
8659031
8659971
8660585
8660803
8661113
8661404
8662157
8662906
8663377
8664374
8664835
8664907
8665504
8666005
8666879
8667580
8668573
8668585
8668867
8668968
8669788
8670581
8671419
8671970
8672310
8672876
8673199
8673620
8674477
8674991
8675206
8675851
8676216
8676352
8676468
8676671
8677458
8677483
8677817
8677874
8678235
8678691
8679514
8679591
8679632
8679886
8680581
8681226
8681581
8681803
8682369
8682512
8683412
8683413
8684150
8685071
8685173
8685236
8686114
8686858
8687827
8688159
8689051
8690009
8690792
8691609
8692316
8692777
8693162
8693833
8694748
8695716
8696394
8696619
8697359
8697723
8698693
8699455
8699966
8700053
8700925
8701603
8701669
8702305
8703253
8703325
8704070
8704435
8704834
8705030
8705132
8705856
8706004
8706595
8706683
8706713
8707277
8708143
8708438
8708663
8709211
8709445
8709705
8710390
8710697
8711295
8711760
8712436
8712697
8713071
8714022
8714362
8714915
8715706
8716579
8716870
8717137
8717394
8717404
8718115
8718187
8718529
8718592
8718782
8719351
8719543
8720363
8720451
8720588
8721299
8722099
8722204
8722672
8722959
8723499
8724137
8724555
8724936
8725265
8725616
8726223
8726293
8726397
8726423
8726668
8727430
8727602
8727960
8728679
8729477
8730240
8730548
8731405
8731989
8732142
8732348
8732520
8732591
8732708
8732824
8733602
8733980
8734519
8735070
8735645
8736492
8737365
8737632
8737884
8738119
8738992
8739879
8740808
8741467
8741571
8741573
8741812
8741849
8742794
8743601
8743621
8744084
8744453
8744793
8745742
8746235
8746484
8747368
8747502
8747836
8748302
8748650
8748915
8749128
8749701
8749931
8750463
8751017
8751469
8751868
8752758
8753663
8753769
8754253
8755178
8756055
8756435
8756633
8757113
8757264
8758232
8758367
8758493
